0.000000
0.000000
0.000000
0.000000
0.000000
0.000000
0.000000
0.000000
0.000000
0.000000
0.000000
0.000000
0.000000
0.000000
0.000000
0.000000
0.000000
0.000000
0.000000
0.000000
0.000000
0.000000
0.000000
-0.000294
-0.000916
-0.001497
-0.001912
-0.002031
-0.001763
-0.001067
0.000000
0.000502
0.001008
0.001402
0.001584
0.001483
0.001078
0.000409
-0.000918
-0.002803
-0.004481
-0.005597
-0.005814
-0.004939
-0.002928
0.000000
0.002349
0.004627
0.006344
0.007108
0.006626
0.004818
0.001834
-0.002498
-0.007593
-0.012104
-0.015100
-0.015702
-0.013391
-0.007995
0.000000
0.008784
0.017845
0.025427
0.029865
0.029495
0.022983
0.009513
-0.011542
-0.039430
-0.072870
-0.110409
-0.149377
-0.187841
-0.224000
-0.255626
-0.281843
-0.302353
-0.317061
-0.326941
-0.333263
-0.337409
-0.340924
-0.344875
-0.350127
-0.357547
-0.367383
-0.379238
-0.392601
-0.406791
-0.420724
-0.432788
-0.443248
-0.451668
-0.458117
-0.462836
-0.466108
-0.468376
-0.469496
-0.469607
-0.469403
-0.468969
-0.468256
-0.467082
-0.465153
-0.462164
-0.456763
-0.449523
-0.440469
-0.429567
-0.416801
-0.402483
-0.386649
-0.368811
-0.349210
-0.328242
-0.305850
-0.282470
-0.258029
-0.232409
-0.206055
-0.178011
-0.148893
-0.119331
-0.089326
-0.058870
-0.028620
0.001483
0.031917
0.062203
0.092065
0.121551
0.150056
0.177645
0.204376
0.229741
0.254935
0.279008
0.301420
0.322185
0.341293
0.358350
0.373453
0.387289
0.399743
0.410350
0.419163
0.426075
0.431213
0.434687
0.436578
0.438396
0.438992
0.438390
0.436634
0.433745
0.429841
0.425021
0.420159
0.415561
0.410528
0.405066
0.399308
0.393280
0.387021
0.380746
0.376228
0.371900
0.367758
0.363685
0.359561
0.355379
0.351080
0.347472
0.344743
0.342020
0.339202
0.336266
0.333154
0.329841
0.326429
0.324212
0.322111
0.320135
0.318245
0.316401
0.314609
0.312852
0.311360
0.310241
0.309280
0.308479
0.307868
0.307468
0.307316
0.307466
0.307515
0.308035
0.309156
0.311017
0.313764
0.317446
0.322122
0.327211
0.332548
0.338781
0.345987
0.354048
0.362975
0.372757
0.383111
0.392394
0.402002
0.411747
0.421645
0.431696
0.441636
0.451371
0.460085
0.467339
0.473653
0.478882
0.482762
0.485150
0.485866
0.484723
0.480834
0.474788
0.466635
0.456317
0.443728
0.429072
0.412287
0.393215
0.372238
0.349301
0.324207
0.297330
0.268506
0.237551
0.205039
0.171434
0.136302
0.100344
0.063497
0.025704
-0.012203
-0.050192
-0.087797
-0.123931
-0.158921
-0.192773
-0.224768
-0.254967
-0.283373
-0.309336
-0.331991
-0.351934
-0.368770
-0.382601
-0.393461
-0.401160
-0.405761
-0.406904
-0.404398
-0.398575
-0.389458
-0.377324
-0.362282
-0.344362
-0.324005
-0.300949
-0.275338
-0.247783
-0.218353
-0.187062
-0.154631
-0.121070
-0.086433
-0.051354
-0.015634
0.020813
0.057239
0.093702
0.130241
0.166058
0.200537
0.234370
0.266838
0.297987
0.327833
0.355743
0.381781
0.405502
0.426446
0.445296
0.462245
0.477138
0.490211
0.501624
0.511255
0.518128
0.523300
0.526782
0.528699
0.529120
0.528095
0.525669
0.521333
0.515062
0.507415
0.498505
0.488659
0.477994
0.466559
0.454598
0.441205
0.426900
0.411940
0.396257
0.379753
0.362691
0.344950
0.326087
0.306229
0.285557
0.264047
0.242187
0.219985
0.197417
0.174914
0.151913
0.128549
0.105205
0.081735
0.057980
0.034306
0.010547
-0.013614
-0.037848
-0.062139
-0.086573
-0.110674
-0.134510
-0.158159
-0.181192
-0.203901
-0.226254
-0.247929
-0.269128
-0.290046
-0.310402
-0.330358
-0.350029
-0.368966
-0.387200
-0.404767
-0.421306
-0.436845
-0.451376
-0.464571
-0.476229
-0.486391
-0.494911
-0.501919
-0.507522
-0.511704
-0.514552
-0.515906
-0.515563
-0.513643
-0.510125
-0.505080
-0.498507
-0.490353
-0.480744
-0.469171
-0.455836
-0.441058
-0.424900
-0.407406
-0.389007
-0.369717
-0.349256
-0.327866
-0.305660
-0.282545
-0.258938
-0.234722
-0.209741
-0.184377
-0.157878
-0.130514
-0.102801
-0.074676
-0.046092
-0.017652
0.010690
0.039347
0.067823
0.095815
0.123326
0.149764
0.175189
0.199674
0.222805
0.245761
0.267767
0.288425
0.307836
0.326080
0.342845
0.358266
0.373108
0.387227
0.400031
0.411482
0.421292
0.429454
0.435947
0.440671
0.445249
0.448267
0.449638
0.449382
0.447511
0.444138
0.439400
0.434237
0.429007
0.423031
0.416351
0.409157
0.401494
0.393402
0.385125
0.378176
0.371192
0.364257
0.357296
0.350250
0.343240
0.336271
0.329993
0.324675
0.319748
0.315227
0.311238
0.307808
0.304995
0.302929
0.302646
0.303283
0.304767
0.307004
0.309907
0.313317
0.317151
0.321771
0.327126
0.332737
0.338488
0.344140
0.349599
0.354797
0.359586
0.364753
0.369661
0.374114
0.378021
0.381280
0.383744
0.385384
0.386530
0.387345
0.387539
0.387066
0.385890
0.383979
0.381308
0.377950
0.374396
0.370420
0.366101
0.361423
0.356354
0.350995
0.345355
0.339430
0.333506
0.327729
0.322179
0.317061
0.312447
0.308415
0.305121
0.301906
0.299591
0.298346
0.298267
0.299454
0.301933
0.305696
0.310077
0.314858
0.320683
0.327617
0.335552
0.344509
0.354500
0.365257
0.375201
0.385666
0.396457
0.407598
0.419096
0.430657
0.442186
0.452937
0.462411
0.471030
0.478627
0.484865
0.489584
0.492588
0.493632
0.492119
0.488350
0.482271
0.473768
0.462679
0.449122
0.433007
0.414343
0.393548
0.370375
0.344590
0.316543
0.286044
0.252875
0.217644
0.180978
0.142315
0.102434
0.061283
0.018815
-0.024010
-0.067123
-0.110225
-0.152080
-0.192704
-0.231959
-0.268861
-0.303347
-0.335312
-0.363980
-0.389711
-0.411987
-0.430230
-0.444410
-0.454415
-0.459970
-0.461094
-0.458338
-0.451811
-0.440856
-0.425281
-0.405294
-0.380835
-0.351796
-0.318844
-0.283793
-0.245124
-0.203710
-0.159622
-0.112908
-0.064735
-0.015300
0.034451
0.083086
0.131139
0.178445
0.223792
0.267048
0.308032
0.345660
0.379161
0.409025
0.434450
0.455341
0.471511
0.482481
0.488230
0.488795
0.484271
0.474581
0.459622
0.439692
0.414836
0.385032
0.351037
0.313978
0.273192
0.229661
0.183478
0.134687
0.084476
0.033000
-0.019101
-0.070365
-0.121065
-0.171038
-0.219009
-0.264840
-0.308341
-0.348371
-0.384357
-0.416573
-0.444150
-0.466991
-0.484896
-0.497342
-0.504293
-0.505732
-0.501711
-0.492161
-0.476953
-0.456371
-0.430457
-0.399188
-0.363372
-0.323985
-0.280610
-0.234361
-0.185416
-0.133899
-0.081129
-0.027312
0.026943
0.080113
0.132408
0.183678
0.232643
0.279194
0.323153
0.363372
0.399247
0.431032
0.457834
0.479520
0.495856
0.506334
0.510924
0.509558
0.502394
0.489531
0.470957
0.447163
0.418314
0.384507
0.346689
0.305743
0.261403
0.214798
0.166064
0.115278
0.063681
0.011416
-0.040949
-0.091960
-0.141864
-0.190518
-0.236707
-0.280328
-0.321213
-0.358300
-0.390795
-0.419220
-0.442864
-0.461714
-0.475665
-0.484375
-0.487885
-0.486010
-0.478892
-0.466772
-0.449616
-0.427836
-0.401530
-0.370728
-0.336241
-0.298710
-0.257981
-0.215086
-0.170161
-0.123301
-0.075680
-0.027465
0.020582
0.067078
0.112499
0.156809
0.199017
0.239145
0.277143
0.312092
0.342171
0.368910
0.391776
0.410885
0.426268
0.437638
0.445062
0.447548
0.444933
0.438277
0.427691
0.413568
0.396092
0.375342
0.351850
0.324292
0.293984
0.261724
0.227648
0.191837
0.155179
0.117751
0.079399
0.040955
0.002613
-0.035617
-0.072891
-0.109257
-0.144764
-0.178698
-0.210453
-0.240920
-0.269662
-0.296957
-0.323055
-0.347618
-0.370873
-0.392229
-0.411296
-0.429023
-0.445612
-0.460881
-0.474998
-0.488059
-0.499822
-0.508847
-0.516523
-0.522805
-0.527837
-0.531729
-0.534499
-0.536232
-0.536606
-0.535534
-0.533360
-0.530067
-0.525695
-0.520184
-0.513416
-0.505403
-0.496378
-0.485674
-0.473267
-0.458910
-0.442317
-0.423626
-0.402667
-0.379903
-0.355763
-0.329472
-0.300829
-0.270327
-0.237875
-0.203380
-0.167597
-0.132049
-0.095321
-0.058131
-0.020378
0.018042
0.056344
0.094566
0.132208
0.168296
0.203292
0.237171
0.269142
0.299172
0.327155
0.352360
0.374632
0.393799
0.409301
0.421060
0.428932
0.432664
0.432262
0.428119
0.420348
0.408507
0.392511
0.372698
0.349119
0.321778
0.291383
0.259693
0.225238
0.188777
0.150322
0.109854
0.068308
0.025772
-0.016673
-0.057845
-0.098657
-0.139112
-0.178299
-0.216198
-0.252720
-0.286911
-0.316690
-0.343718
-0.367391
-0.387758
-0.404796
-0.418130
-0.427783
-0.432851
-0.433085
-0.429398
-0.421868
-0.410792
-0.396333
-0.378553
-0.357910
-0.333399
-0.305994
-0.276398
-0.244716
-0.210987
-0.176007
-0.139808
-0.102234
-0.064041
-0.025321
0.013951
0.052919
0.091607
0.130029
0.167342
0.203007
0.237660
0.270625
0.302029
0.331971
0.359899
0.385945
0.409599
0.430410
0.449193
0.466159
0.481161
0.494436
0.506151
0.516178
0.523318
0.528878
0.532901
0.535552
0.536937
0.537107
0.536108
0.533456
0.529065
0.523365
0.516354
0.508195
0.498897
0.488426
0.476972
0.464223
0.450222
0.435219
0.419154
0.401936
0.383850
0.364790
0.344786
0.324066
0.302246
0.279117
0.255006
0.229747
0.203168
0.175728
0.147895
0.118960
0.089455
0.059298
0.028411
-0.002572
-0.033690
-0.064787
-0.095183
-0.125114
-0.154631
-0.183126
-0.210654
-0.237238
-0.262304
-0.285934
-0.307995
-0.327970
-0.345858
-0.361608
-0.374851
-0.385612
-0.394134
-0.400219
-0.403645
-0.404414
-0.402560
-0.398181
-0.391334
-0.382267
-0.371845
-0.359326
-0.345018
-0.328971
-0.311192
-0.292111
-0.271779
-0.250622
-0.229130
-0.206916
-0.183992
-0.160902
-0.137698
-0.114440
-0.091724
-0.070263
-0.049432
-0.029721
-0.011140
0.006278
0.022139
0.036465
0.049032
0.059625
0.068579
0.075964
0.081708
0.085925
0.088696
0.090056
0.089915
0.088574
0.086155
0.082749
0.078416
0.073313
0.067505
0.061072
0.054206
0.046926
0.039279
0.031493
0.023631
0.015760
0.008131
0.001137
-0.005507
-0.011612
-0.017143
-0.022064
-0.026245
-0.029684
-0.032119
-0.033545
-0.034291
-0.034421
-0.033998
-0.033097
-0.031774
-0.030112
-0.027658
-0.024998
-0.022250
-0.019455
-0.016636
-0.013864
-0.011138
-0.008265
-0.005315
-0.002477
0.000241
0.002773
0.005112
0.007240
0.009093
0.010782
0.012139
0.013107
0.013669
0.013810
0.013532
0.012856
0.011781
0.010380
0.008745
0.006941
0.005075
0.003212
0.001408
-0.000255
-0.001877
-0.003311
-0.004520
-0.005515
-0.006311
-0.006912
-0.007340
-0.007655
-0.007854
-0.007894
-0.007768
-0.007472
-0.007001
-0.006354
-0.005550
-0.004621
-0.003578
-0.002480
-0.001369
-0.000289
0.000696
0.001555
0.002285
0.002862
0.003269
0.003524
0.003651
0.003686
0.003667
0.003631
0.003647
0.003689
0.003763
0.003863
0.003972
0.004064
0.004113
0.004094
0.003981
0.003748
0.003383
0.002893
0.002289
0.001590
0.000841
0.000065
-0.000687
-0.001359
-0.001920
-0.002339
-0.002592
-0.002674
-0.002600
-0.002387
-0.002057
-0.001644
-0.001194
-0.000747
-0.000337
0.000000
0.000248
0.000398
0.000453
0.000425
0.000334
0.000207
0.000067
-0.000057
-0.000148
-0.000201
-0.000213
-0.000188
-0.000136
-0.000069
0.000000
0.000066
0.000111
0.000132
0.000129
0.000104
0.000066
0.000022
-0.000021
-0.000056
-0.000076
-0.000081
-0.000072
-0.000053
-0.000027
0.000000
0.000018
0.000031
0.000036
0.000034
0.000026
0.000016
0.000005
-0.000007
-0.000017
-0.000023
-0.000024
-0.000021
-0.000015
-0.000007
0.000000
0.000005
0.000009
0.000010
0.000010
0.000008
0.000005
0.000002
0.000000
0.000000
0.000000
0.000000
0.000000
0.000000
0.000000
0.000000
0.000000
0.000000
0.000000
0.000000
0.000000
0.000000
0.000000
0.000000
0.000000
0.000000
0.000000
0.000000
0.000000
0.000000
-0.000000
-0.000000
-0.000000
-0.000000
-0.000000
-0.000000
-0.000000
-0.000000
0.000000
0.000000
0.000000
0.000000
0.000000
0.000000
0.000000
0.000000
0.000000
0.000000
-0.000000
-0.000000
-0.000000
-0.000000
-0.000000
-0.000000
-0.000000
-0.000000
-0.000000
-0.000000
0.000000
0.000000
0.000000
0.000000
0.000000
0.000000
0.000000
-0.000000
-0.000000
-0.000000
-0.000000
-0.000000
-0.000000
-0.000000
-0.000000
-0.000000
-0.000000
-0.000000
0.000000
0.000000
0.000000
0.000000
0.000000
0.000000
0.000000
-0.000000
-0.000000
-0.000000
-0.000000
-0.000000
-0.000000
-0.000000
-0.000000
-0.000000
-0.000000
-0.000000
-0.000000
-0.000000
-0.000000
-0.000000
-0.000000
-0.000000
-0.000000
0.000000
0.000000
0.000000
0.000000
-0.000000
-0.000000
-0.000000
-0.000000
-0.000000
-0.000000
-0.000000
-0.000000
-0.000000
-0.000000
-0.000000
-0.000000
-0.000000
-0.000000
-0.000000
-0.000000
-0.000000
-0.000000
-0.000000
-0.000000
0.000000
0.000000
0.000000
-0.000000
-0.000000
-0.000000
-0.000000
-0.000000
-0.000000
-0.000000
-0.000000
0.000000
0.000000
0.000000
0.000000
0.000000
0.000000
0.000000
0.000000
0.000000
0.000000
0.000000
0.000000
0.000000
0.000000
0.000000
0.000000
0.000000
0.000000
0.000000
0.000000
0.000000
0.000000
0.000000
0.000000
0.000000
0.000000
0.000000
0.000000
0.000000
0.000000
0.000000
0.000000
0.000000
0.000000
0.000000
0.000000
0.000000
0.000000
0.000000
0.000000
0.000000
0.000000
0.000000
0.000000
-0.000000
-0.000000
-0.000000
-0.000000
-0.000000
-0.000000
0.000000
0.000000
0.000000
0.000000
-0.000000
-0.000000
-0.000000
-0.000000
-0.000000
-0.000000
-0.000000
-0.000000
-0.000000
-0.000000
-0.000000
-0.000000
0.000000
0.000000
0.000000
0.000000
0.000000
0.000000
0.000000
0.000000
0.000000
0.000000
0.000000
0.000000
0.000000
0.000000
0.000000
0.000000
0.000000
0.000000
0.000000
0.000000
0.000000
0.000000
0.000000
0.000000
0.000000
0.000000
0.000000
0.000000
0.000000
0.000000
0.000000
0.000000
0.000000
-0.000000
-0.000000
-0.000000
-0.000000
-0.000000
-0.000000
-0.000000
-0.000000
-0.000000
-0.000000
-0.000000
-0.000000
0.000000
0.000000
0.000000
0.000000
-0.000000
-0.000000
-0.000000
-0.000000
-0.000000
-0.000000
-0.000000
-0.000000
-0.000000
-0.000000
-0.000000
-0.000000
-0.000000
-0.000000
-0.000000
-0.000000
-0.000000
-0.000000
-0.000000
-0.000000
-0.000000
-0.000000
-0.000000
-0.000000
-0.000000
-0.000000
-0.000000
-0.000000
-0.000000
-0.000000
-0.000000
-0.000000
-0.000000
-0.000000
-0.000000
-0.000000
0.000000
0.000000
0.000000
0.000000
0.000000
0.000000
0.000000
0.000000
0.000000
0.000000
0.000000
0.000000
0.000000
0.000000
0.000000
-0.000000
-0.000000
-0.000000
-0.000000
-0.000000
0.000000
0.000000
0.000000
0.000000
0.000000
0.000000
0.000000
0.000000
0.000000
0.000000
0.000000
0.000000
-0.000000
-0.000000
-0.000000
-0.000000
-0.000000
-0.000000
-0.000000
0.000000
0.000000
0.000000
0.000000
-0.000000
-0.000000
-0.000000
-0.000000
-0.000000
-0.000000
-0.000000
-0.000000
-0.000000
-0.000000
-0.000000
-0.000000
-0.000000
-0.000000
-0.000000
-0.000000
-0.000000
-0.000000
-0.000000
-0.000000
-0.000000
-0.000000
-0.000000
-0.000000
-0.000000
-0.000000
-0.000000
-0.000000
-0.000000
-0.000000
-0.000000
-0.000000
-0.000000
-0.000000
-0.000000
-0.000000
-0.000000
-0.000000
-0.000000
-0.000000
-0.000000
-0.000000
-0.000000
-0.000000
-0.000000
-0.000000
-0.000000
-0.000000
-0.000000
-0.000000
-0.000000
-0.000000
-0.000000
0.000000
0.000000
0.000000
0.000000
0.000000
0.000000
0.000000
0.000000
0.000000
0.000000
0.000000
0.000000
-0.000000
-0.000000
-0.000000
-0.000000
-0.000000
-0.000000
0.000000
0.000000
0.000000
0.000000
0.000000
0.000000
0.000000
0.000000
0.000000
0.000000
0.000000
0.000000
0.000000
0.000000
0.000000
0.000000
0.000000
0.000000
0.000000
0.000000
0.000000
0.000000
0.000000
0.000000
0.000000
0.000000
0.000000
0.000000
0.000000
0.000000
0.000000
-0.000000
-0.000000
-0.000000
-0.000000
-0.000000
-0.000000
-0.000000
-0.000000
-0.000000
-0.000000
-0.000000
0.000000
0.000000
0.000000
-0.000000
-0.000000
-0.000000
-0.000000
-0.000000
-0.000000
-0.000000
-0.000000
-0.000000
-0.000000
-0.000000
-0.000000
-0.000000
-0.000000
-0.000000
-0.000000
-0.000000
0.000000
0.000000
0.000000
0.000000
-0.000000
-0.000000
-0.000000
-0.000000
-0.000000
-0.000000
-0.000000
-0.000000
-0.000000
-0.000000
-0.000000
-0.000000
-0.000000
-0.000000
-0.000000
-0.000000
-0.000000
-0.000000
-0.000000
-0.000000
-0.000000
-0.000000
-0.000000
-0.000000
-0.000000
-0.000000
-0.000000
-0.000000
-0.000000
-0.000000
0.000000
0.000000
0.000000
0.000000
0.000000
0.000000
0.000000
0.000000
0.000000
0.000000
0.000000
0.000000
0.000000
-0.000000
-0.000000
-0.000000
-0.000000
-0.000000
-0.000000
-0.000000
-0.000000
-0.000000
-0.000000
-0.000000
-0.000000
-0.000000
-0.000000
-0.000000
0.000000
0.000000
0.000000
0.000000
0.000000
0.000000
0.000000
0.000000
-0.000000
-0.000000
-0.000000
-0.000000
-0.000000
-0.000000
-0.000000
-0.000000
0.000000
0.000000
0.000000
0.000000
0.000000
0.000000
0.000000
0.000000
0.000000
0.000000
0.000000
0.000000
0.000000
0.000000
0.000000
0.000000
0.000000
0.000000
0.000000
0.000000
0.000000
0.000000
0.000000
0.000000
0.000000
0.000000
0.000000
0.000000
0.000000
-0.000000
-0.000000
-0.000000
-0.000000
-0.000000
-0.000000
-0.000000
-0.000000
-0.000000
-0.000000
-0.000000
-0.000000
-0.000000
-0.000000
-0.000000
-0.000000
-0.000000
-0.000000
-0.000000
-0.000000
-0.000000
-0.000000
-0.000000
-0.000000
-0.000000
-0.000000
-0.000000
-0.000000
-0.000000
-0.000000
-0.000000
-0.000000
-0.000000
-0.000000
-0.000000
-0.000000
-0.000000
0.000000
0.000000
0.000000
0.000000
0.000000
0.000000
0.000000
0.000000
-0.000000
-0.000000
-0.000000
-0.000000
-0.000000
-0.000000
-0.000000
-0.000000
-0.000000
-0.000000
-0.000000
0.000000
0.000000
0.000000
0.000000
0.000000
0.000000
0.000000
0.000000
0.000000
0.000000
0.000000
0.000000
0.000000
0.000000
0.000000
0.000000
0.000000
0.000000
0.000000
0.000000
0.000000
0.000000
0.000000
0.000000
-0.000000
-0.000000
-0.000000
-0.000000
-0.000000
-0.000000
-0.000000
-0.000000
0.000000
0.000000
0.000000
0.000000
-0.000000
-0.000000
-0.000000
-0.000000
-0.000000
-0.000000
-0.000000
-0.000000
-0.000000
-0.000000
-0.000000
-0.000000
-0.000000
-0.000000
-0.000000
-0.000000
-0.000000
-0.000000
-0.000000
-0.000000
-0.000000
-0.000000
-0.000000
-0.000000
-0.000000
-0.000000
-0.000000
-0.000000
-0.000000
-0.000000
-0.000000
-0.000000
-0.000000
-0.000000
-0.000000
-0.000000
-0.000000
0.000000
0.000000
0.000000
0.000000
0.000000
0.000000
0.000000
0.000000
0.000000
0.000000
0.000000
0.000000
0.000000
0.000000
0.000000
0.000000
0.000000
0.000000
0.000000
0.000000
0.000000
0.000000
0.000000
0.000000
0.000000
0.000000
0.000000
0.000000
0.000000
0.000000
0.000000
0.000000
0.000000
0.000000
0.000000
0.000000
0.000000
0.000000
0.000000
0.000000
0.000000
0.000000
0.000000
0.000000
0.000000
0.000000
0.000000
0.000000
0.000000
-0.000000
-0.000000
-0.000000
-0.000000
-0.000000
-0.000000
-0.000000
-0.000000
-0.000000
-0.000000
-0.000000
-0.000000
-0.000000
-0.000000
-0.000000
-0.000000
-0.000000
-0.000000
-0.000000
-0.000000
-0.000000
-0.000000
-0.000000
-0.000000
-0.000000
-0.000000
-0.000000
-0.000000
-0.000000
0.000000
0.000000
0.000000
0.000000
0.000000
0.000000
0.000000
0.000000
-0.000000
-0.000000
-0.000000
-0.000000
-0.000000
-0.000000
-0.000000
-0.000000
-0.000000
-0.000000
0.000000
0.000000
0.000000
0.000000
0.000000
0.000000
0.000000
0.000000
0.000000
0.000000
0.000000
0.000000
-0.000000
-0.000000
0.000000
0.000000
0.000000
0.000000
0.000000
0.000000
0.000000
0.000000
0.000000
0.000000
0.000000
0.000000
0.000000
0.000000
0.000000
0.000000
0.000000
0.000000
0.000000
0.000000
0.000000
0.000000
0.000000
0.000000
0.000000
0.000000
0.000000
0.000000
0.000000
0.000000
0.000000
0.000000
0.000000
0.000000
0.000000
0.000000
0.000000
0.000000
0.000000
0.000000
0.000000
0.000000
0.000000
0.000000
0.000000
0.000000
0.000000
0.000000
0.000000
0.000000
0.000000
0.000000
0.000000
0.000000
0.000000
0.000000
0.000000
0.000000
-0.000000
-0.000000
-0.000000
-0.000000
-0.000000
-0.000000
0.000000
0.000000
0.000000
0.000000
0.000000
0.000000
0.000000
-0.000000
-0.000000
-0.000000
-0.000000
-0.000000
-0.000000
-0.000000
-0.000000
-0.000000
-0.000000
-0.000000
-0.000000
-0.000000
-0.000000
-0.000000
-0.000000
-0.000000
-0.000000
-0.000000
-0.000000
-0.000000
-0.000000
0.000000
0.000000
0.000000
0.000000
0.000000
0.000000
0.000000
0.000000
0.000000
0.000000
0.000000
0.000000
0.000000
-0.000000
-0.000000
-0.000000
-0.000000
-0.000000
-0.000000
-0.000000
0.000000
0.000000
0.000000
0.000000
0.000000
0.000000
0.000000
0.000000
0.000000
0.000000
0.000000
0.000000
0.000000
-0.000000
-0.000000
-0.000000
-0.000000
-0.000000
-0.000000
-0.000000
-0.000000
-0.000000
0.000000
0.000000
0.000000
0.000000
0.000000
0.000000
0.000000
0.000000
-0.000000
-0.000000
-0.000000
-0.000000
-0.000000
-0.000000
-0.000000
-0.000000
-0.000000
-0.000000
-0.000000
-0.000000
-0.000000
-0.000000
-0.000000
-0.000000
-0.000000
-0.000000
-0.000000
-0.000000
-0.000000
-0.000000
-0.000000
-0.000000
-0.000000
-0.000000
-0.000000
-0.000000
-0.000000
-0.000000
-0.000000
-0.000000
-0.000000
0.000000
0.000000
0.000000
0.000000
0.000000
0.000000
0.000000
0.000000
0.000000
0.000000
0.000000
0.000000
0.000000
0.000000
0.000000
0.000000
0.000000
0.000000
0.000000
0.000000
0.000000
0.000000
0.000000
0.000000
0.000000
0.000000
0.000000
0.000000
0.000000
0.000000
0.000000
0.000000
0.000000
0.000000
0.000000
0.000000
0.000000
0.000000
-0.000000
-0.000000
-0.000000
-0.000000
-0.000000
-0.000000
-0.000000
-0.000000
-0.000000
-0.000000
-0.000000
-0.000000
-0.000000
-0.000000
-0.000000
-0.000000
-0.000000
-0.000000
-0.000000
-0.000000
-0.000000
-0.000000
-0.000000
-0.000000
-0.000000
0.000000
0.000000
0.000000
0.000000
0.000000
0.000000
0.000000
0.000000
0.000000
0.000000
0.000000
0.000000
0.000000
0.000000
0.000000
0.000000
0.000000
0.000000
0.000000
0.000000
0.000000
0.000000
0.000000
0.000000
0.000000
0.000000
0.000000
0.000000
0.000000
0.000000
0.000000
0.000000
0.000000
0.000000
0.000000
0.000000
0.000000
0.000000
0.000000
0.000000
-0.000000
-0.000000
-0.000000
-0.000000
-0.000000
-0.000000
-0.000000
-0.000000
-0.000000
-0.000000
-0.000000
-0.000000
-0.000000
-0.000000
-0.000000
-0.000000
-0.000000
-0.000000
0.000000
0.000000
0.000000
0.000000
0.000000
0.000000
0.000000
0.000000
0.000000
0.000000
0.000000
0.000000
0.000000
0.000000
0.000000
0.000000
0.000000
0.000000
0.000000
0.000000
0.000000
0.000000
0.000000
0.000000
0.000000
0.000000
0.000000
0.000000
0.000000
0.000000
0.000000
0.000000
0.000000
0.000000
0.000000
0.000000
0.000000
-0.000000
-0.000000
-0.000000
-0.000000
-0.000000
-0.000000
-0.000000
-0.000000
-0.000000
-0.000000
-0.000000
-0.000000
-0.000000
-0.000000
-0.000000
-0.000000
-0.000000
-0.000000
-0.000000
-0.000000
-0.000000
-0.000000
-0.000000
-0.000000
-0.000000
-0.000000
-0.000000
-0.000000
-0.000000
-0.000000
-0.000000
-0.000000
-0.000000
-0.000000
-0.000000
-0.000000
-0.000000
-0.000000
-0.000000
-0.000000
-0.000000
-0.000000
-0.000000
-0.000000
-0.000000
-0.000000
-0.000000
-0.000000
-0.000000
-0.000000
-0.000000
-0.000000
-0.000000
-0.000000
-0.000000
-0.000000
0.000000
0.000000
0.000000
0.000000
0.000000
0.000000
0.000000
0.000000
0.000000
0.000000
0.000000
0.000000
0.000000
0.000000
0.000000
0.000000
0.000000
0.000000
0.000000
0.000000
0.000000
0.000000
0.000000
-0.000000
-0.000000
-0.000000
-0.000000
-0.000000
-0.000000
-0.000000
-0.000000
-0.000000
-0.000000
-0.000000
-0.000000
-0.000000
-0.000000
-0.000000
-0.000000
-0.000000
-0.000000
-0.000000
-0.000000
-0.000000
-0.000000
0.000000
0.000000
0.000000
0.000000
0.000000
0.000000
0.000000
0.000000
0.000000
0.000000
0.000000
0.000000
0.000000
0.000000
-0.000000
-0.000000
0.000000
0.000000
0.000000
0.000000
0.000000
0.000000
0.000000
0.000000
0.000000
0.000000
0.000000
0.000000
0.000000
0.000000
0.000000
0.000000
0.000000
0.000000
0.000000
-0.000000
-0.000000
0.000000
0.000000
0.000000
0.000000
0.000000
0.000000
0.000000
0.000000
0.000000
0.000000
0.000000
0.000000
-0.000000
-0.000000
-0.000000
-0.000000
-0.000000
-0.000000
-0.000000
-0.000000
-0.000000
-0.000000
-0.000000
-0.000000
-0.000000
-0.000000
-0.000000
-0.000000
-0.000000
-0.000000
0.000000
0.000000
0.000000
0.000000
0.000000
0.000000
0.000000
0.000000
0.000000
-0.000000
-0.000000
-0.000000
-0.000000
-0.000000
-0.000000
-0.000000
-0.000000
-0.000000
-0.000000
0.000000
0.000000
0.000000
0.000000
0.000000
0.000000
0.000000
0.000000
0.000000
0.000000
0.000000
0.000000
0.000000
0.000000
0.000000
-0.000000
-0.000000
-0.000000
-0.000000
-0.000000
-0.000000
-0.000000
-0.000000
-0.000000
-0.000000
-0.000000
-0.000000
-0.000000
-0.000000
-0.000000
-0.000000
-0.000000
-0.000000
-0.000000
-0.000000
-0.000000
-0.000000
-0.000000
-0.000000
-0.000000
-0.000000
-0.000000
-0.000000
0.000000
0.000000
0.000000
0.000000
0.000000
0.000000
0.000000
0.000000
0.000000
0.000000
0.000000
0.000000
0.000000
0.000000
0.000000
0.000000
0.000000
0.000000
0.000000
0.000000
0.000000
0.000000
0.000000
0.000000
0.000000
0.000000
0.000000
0.000000
0.000000
0.000000
0.000000
0.000000
0.000000
0.000000
-0.000000
-0.000000
-0.000000
-0.000000
-0.000000
-0.000000
-0.000000
-0.000000
0.000000
0.000000
0.000000
0.000000
0.000000
0.000000
0.000000
-0.000000
-0.000000
-0.000000
-0.000000
-0.000006
-0.000013
-0.000018
-0.000021
-0.000020
-0.000015
-0.000006
0.000008
0.000024
0.000038
0.000049
0.000051
0.000044
0.000026
-0.000000
-0.000022
-0.000043
-0.000060
-0.000067
-0.000063
-0.000046
-0.000017
0.000023
0.000069
0.000110
0.000136
0.000140
0.000118
0.000069
0.000000
-0.000076
-0.000150
-0.000207
-0.000234
-0.000221
-0.000163
-0.000063
0.000062
0.000192
0.000312
0.000397
0.000424
0.000374
0.000233
0.000000
-0.000337
-0.000748
-0.001195
-0.001645
-0.002058
-0.002388
-0.002600
-0.002666
-0.002568
-0.002302
-0.001874
-0.001312
-0.000647
0.000089
0.000841
0.001602
0.002312
0.002924
0.003418
0.003781
0.004005
0.004103
0.004106
0.004045
0.003942
0.003827
0.003726
0.003658
0.003628
0.003631
0.003628
0.003610
0.003548
0.003409
0.003161
0.002781
0.002254
0.001534
0.000636
-0.000383
-0.001484
-0.002598
-0.003678
-0.004681
-0.005550
-0.006343
-0.006981
-0.007444
-0.007737
-0.007865
-0.007832
-0.007646
-0.007297
-0.006786
-0.006117
-0.005278
-0.004276
-0.003104
-0.001753
-0.000255
0.001533
0.003448
0.005392
0.007295
0.009077
0.010625
0.011876
0.012884
0.013614
0.013937
0.013824
0.013267
0.012276
0.010864
0.009093
0.007098
0.004841
0.002409
-0.000166
-0.002860
-0.005598
-0.008375
-0.011302
-0.014337
-0.017360
-0.020334
-0.023151
-0.025761
-0.028113
-0.030112
-0.032328
-0.034156
-0.035430
-0.036023
-0.035798
-0.034659
-0.032553
-0.029895
-0.026854
-0.023001
-0.018288
-0.012793
-0.006516
0.000531
0.008131
0.015275
0.022692
0.030212
0.037837
0.045564
0.053196
0.060679
0.067597
0.073601
0.078891
0.083362
0.086817
0.089164
0.090287
0.090056
0.088230
0.084834
0.079871
0.073300
0.065058
0.055294
0.044006
0.031362
0.017672
0.002712
-0.013614
-0.031030
-0.049605
-0.069414
-0.090043
-0.110586
-0.131838
-0.153389
-0.175298
-0.197610
-0.219830
-0.241913
-0.263176
-0.282895
-0.301585
-0.319229
-0.335433
-0.350209
-0.363518
-0.375004
-0.383335
-0.389557
-0.393584
-0.395509
-0.395373
-0.393220
-0.389068
-0.382285
-0.372824
-0.361201
-0.347387
-0.331683
-0.314086
-0.294538
-0.273405
-0.249814
-0.224375
-0.197651
-0.169662
-0.140396
-0.110497
-0.079937
-0.048474
-0.016668
0.015411
0.047855
0.080034
0.112046
0.143983
0.175218
0.205720
0.235687
0.264526
0.292316
0.319110
0.344371
0.368172
0.390317
0.410341
0.428619
0.445291
0.460151
0.473380
0.485102
0.495159
0.502936
0.509072
0.513546
0.516483
0.517964
0.518031
0.516745
0.513734
0.508934
0.502752
0.495272
0.486764
0.477323
0.466981
0.455953
0.443439
0.429874
0.415525
0.400359
0.384316
0.367682
0.350362
0.331913
0.312451
0.292155
0.270974
0.249354
0.227267
0.204653
0.181922
0.158431
0.134394
0.110236
0.085847
0.061106
0.036445
0.011731
-0.013352
-0.038437
-0.063480
-0.088572
-0.113238
-0.137567
-0.161651
-0.185061
-0.208099
-0.230708
-0.252537
-0.273762
-0.294549
-0.314597
-0.334055
-0.353028
-0.371101
-0.388350
-0.404856
-0.420332
-0.434863
-0.448489
-0.460940
-0.472013
-0.481782
-0.490100
-0.497073
-0.502778
-0.507164
-0.510285
-0.511955
-0.511948
-0.510389
-0.507264
-0.502647
-0.496550
-0.488930
-0.479903
-0.468955
-0.456266
-0.442112
-0.426523
-0.409505
-0.391447
-0.372341
-0.351898
-0.330364
-0.307869
-0.284352
-0.260277
-0.235574
-0.210131
-0.184377
-0.157594
-0.130055
-0.102277
-0.074184
-0.045706
-0.017414
0.010767
0.039276
0.067640
0.095568
0.123065
0.149534
0.175023
0.199590
0.222805
0.245836
0.267896
0.288577
0.307985
0.326200
0.342921
0.358292
0.373087
0.387171
0.399955
0.411401
0.421220
0.429401
0.435920
0.440671
0.445267
0.448297
0.449673
0.449415
0.447537
0.444154
0.439405
0.434231
0.428990
0.423008
0.416327
0.409136
0.401480
0.393395
0.385125
0.378181
0.371201
0.364267
0.357306
0.350258
0.343245
0.336273
0.329993
0.324675
0.319748
0.315227
0.311238
0.307808
0.304995
0.302929
0.302639
0.303270
0.304749
0.306983
0.309887
0.313302
0.317145
0.321778
0.327150
0.332775
0.338537
0.344191
0.349643
0.354823
0.359586
0.364731
0.369617
0.374054
0.377954
0.381217
0.383698
0.385366
0.386553
0.387414
0.387649
0.387202
0.386029
0.384097
0.381378
0.377950
0.374320
0.370270
0.365894
0.361188
0.356134
0.350833
0.345292
0.339492
0.333698
0.328040
0.322576
0.317485
0.312821
0.308649
0.305121
0.301569
0.298843
0.297151
0.296623
0.297396
0.299545
0.303096
0.307411
0.312290
0.318381
0.325743
0.334240
0.343862
0.354589
0.366098
0.376790
0.387952
0.399345
0.410974
0.422836
0.434632
0.446277
0.457058
0.466504
0.475049
0.482551
0.488693
0.493329
0.496269
0.497264
0.495703
0.491873
0.485699
0.477043
0.465714
0.451811
0.435226
0.415923
0.394322
0.370212
0.343378
0.314225
0.282601
0.248333
0.212094
0.174483
0.135034
0.094576
0.053078
0.010509
-0.032168
-0.074895
-0.117397
-0.158482
-0.198197
-0.236442
-0.272289
-0.305702
-0.336598
-0.364235
-0.388852
-0.410034
-0.427228
-0.440405
-0.449454
-0.454120
-0.454418
-0.450786
-0.443332
-0.431523
-0.415204
-0.394651
-0.369853
-0.340754
-0.308070
-0.273492
-0.235660
-0.195454
-0.152953
-0.108206
-0.062324
-0.015469
0.031362
0.076840
0.121664
0.165764
0.208094
0.248603
0.287174
0.322811
0.354088
0.382089
0.406116
0.426137
0.442034
0.453385
0.460185
0.461968
0.458688
0.450815
0.438367
0.421704
0.400964
0.376202
0.348067
0.316567
0.281923
0.244985
0.205840
0.164520
0.122007
0.078386
0.033903
-0.010336
-0.054408
-0.098231
-0.140744
-0.181883
-0.221561
-0.258825
-0.293061
-0.324842
-0.353495
-0.379101
-0.401683
-0.420796
-0.436533
-0.448603
-0.456811
-0.461575
-0.462919
-0.460866
-0.455509
-0.446874
-0.435228
-0.420362
-0.402740
-0.382897
-0.361005
-0.337188
-0.312125
-0.285964
-0.258851
-0.231503
-0.203973
-0.176317
-0.149193
-0.122625
-0.096644
-0.071856
-0.048701
-0.026750
-0.006490
0.012100
0.029012
0.043888
0.056785
0.067437
0.075723
0.082108
0.086721
0.089614
0.090960
0.090892
0.089546
0.086619
0.082687
0.077949
0.072502
0.066410
0.059872
0.052950
0.045662
0.038237
0.030782
0.023365
0.016215
0.009386
0.002930
-0.002970
-0.007983
-0.012457
-0.016326
-0.019643
-0.022450
-0.024732
-0.026535
-0.027591
-0.027933
-0.027906
-0.027535
-0.026841
-0.025830
-0.024493
-0.022849
-0.020328
-0.017558
-0.014652
-0.011662
-0.008640
-0.005704
-0.002903
-0.000092
0.002611
0.004973
0.006959
0.008517
0.009659
0.010405
0.010775
0.010922
0.010783
0.010408
0.009849
0.009148
0.008358
0.007511
0.006582
0.005606
0.004631
0.003654
0.002687
0.001718
0.000735
-0.000255
-0.001382
-0.002515
-0.003615
-0.004665
-0.005642
-0.006498
-0.007205
-0.007769
-0.008150
-0.008296
-0.008194
-0.007848
-0.007273
-0.006491
-0.005550
-0.004490
-0.003355
-0.002215
-0.001112
-0.000081
0.000827
0.001598
0.002243
0.002750
0.003117
0.003362
0.003506
0.003581
0.003614
0.003631
0.003683
0.003751
0.003835
0.003930
0.004024
0.004096
0.004122
0.004080
0.003946
0.003702
0.003335
0.002851
0.002259
0.001575
0.000841
0.000075
-0.000670
-0.001339
-0.001900
-0.002323
-0.002582
-0.002671
-0.002600
-0.002387
-0.002057
-0.001644
-0.001194
-0.000747
-0.000337
0.000000
0.000248
0.000398
0.000453
0.000425
0.000334
0.000207
0.000067
-0.000057
-0.000148
-0.000201
-0.000213
-0.000188
-0.000136
-0.000069
-0.000000
0.000065
0.000111
0.000132
0.000129
0.000104
0.000066
0.000022
-0.000021
-0.000056
-0.000076
-0.000081
-0.000072
-0.000053
-0.000027
-0.000000
0.000018
0.000031
0.000036
0.000034
0.000026
0.000016
0.000005
-0.000007
-0.000018
-0.000023
-0.000024
-0.000021
-0.000015
-0.000007
-0.000000
0.000005
0.000009
0.000010
0.000010
0.000008
0.000005
0.000002
-0.000000
-0.000000
-0.000000
-0.000000
-0.000000
-0.000000
-0.000000
-0.000000
-0.000000
-0.000000
-0.000000
0.000000
0.000000
0.000000
0.000000
0.000000
0.000000
0.000000
0.000000
0.000000
0.000000
0.000000
0.000000
0.000000
0.000000
0.000000
0.000000
0.000000
0.000000
0.000000
0.000000
0.000000
0.000000
0.000000
0.000000
0.000000
0.000000
0.000000
0.000000
0.000000
0.000000
0.000000
0.000000
0.000000
0.000000
0.000000
0.000000
0.000000
0.000000
0.000000
-0.000000
-0.000000
-0.000000
-0.000000
-0.000000
-0.000000
-0.000000
-0.000000
-0.000000
-0.000000
-0.000000
-0.000000
-0.000000
-0.000000
-0.000000
-0.000000
-0.000000
-0.000000
-0.000000
-0.000000
-0.000000
-0.000000
-0.000000
-0.000000
-0.000000
-0.000000
-0.000000
-0.000000
-0.000000
-0.000000
-0.000000
-0.000000
-0.000000
-0.000000
-0.000000
-0.000000
-0.000000
-0.000000
0.000000
0.000000
0.000000
0.000000
0.000000
0.000000
0.000000
0.000000
-0.000000
-0.000000
-0.000000
-0.000000
-0.000000
-0.000000
-0.000000
-0.000000
-0.000000
-0.000000
-0.000000
-0.000000
-0.000000
-0.000000
-0.000000
-0.000000
-0.000000
-0.000000
0.000000
0.000000
0.000000
0.000000
0.000000
0.000000
0.000000
-0.000000
-0.000000
-0.000000
-0.000000
-0.000000
-0.000000
-0.000000
-0.000000
-0.000000
-0.000000
-0.000000
-0.000000
0.000000
0.000000
0.000000
0.000000
0.000000
0.000000
0.000000
-0.000000
-0.000000
-0.000000
-0.000000
-0.000000
0.000000
0.000000
0.000000
0.000000
0.000000
0.000000
0.000000
0.000000
0.000000
0.000000
0.000000
0.000000
0.000000
0.000000
0.000000
-0.000000
-0.000000
-0.000000
-0.000000
-0.000000
-0.000000
-0.000000
-0.000000
0.000000
0.000000
0.000000
0.000000
-0.000000
-0.000000
-0.000000
-0.000000
-0.000000
-0.000000
-0.000000
-0.000000
-0.000000
-0.000000
-0.000000
-0.000000
-0.000000
-0.000000
0.000000
0.000000
0.000000
0.000000
0.000000
0.000000
0.000000
0.000000
0.000000
-0.000000
-0.000000
0.000000
0.000000
0.000000
0.000000
0.000000
0.000000
0.000000
0.000000
0.000000
0.000000
0.000000
0.000000
0.000000
0.000000
0.000000
0.000000
0.000000
0.000000
0.000000
0.000000
0.000000
0.000000
0.000000
0.000000
0.000000
0.000000
0.000000
0.000000
0.000000
0.000000
0.000000
0.000000
-0.000000
-0.000000
-0.000000
-0.000000
-0.000000
-0.000000
-0.000000
-0.000000
-0.000000
-0.000000
0.000000
0.000000
0.000000
0.000000
0.000000
0.000000
0.000000
0.000000
0.000000
0.000000
0.000000
0.000000
0.000000
0.000000
0.000000
0.000000
0.000000
-0.000000
-0.000000
0.000000
0.000000
0.000000
0.000000
0.000000
0.000000
0.000000
0.000000
0.000000
0.000000
0.000000
0.000000
0.000000
0.000000
0.000000
0.000000
0.000000
0.000000
0.000000
0.000000
0.000000
0.000000
0.000000
0.000000
0.000000
-0.000000
-0.000000
-0.000000
-0.000000
-0.000000
0.000000
0.000000
0.000000
0.000000
0.000000
0.000000
0.000000
0.000000
-0.000000
-0.000000
-0.000000
-0.000000
-0.000000
-0.000000
-0.000000
-0.000000
-0.000000
-0.000000
-0.000000
0.000000
0.000000
0.000000
0.000000
0.000000
0.000000
0.000000
0.000000
0.000000
0.000000
0.000000
0.000000
-0.000000
-0.000000
-0.000000
-0.000000
-0.000000
-0.000000
-0.000000
-0.000000
-0.000000
-0.000000
-0.000000
-0.000000
-0.000000
-0.000000
-0.000000
-0.000000
-0.000000
-0.000000
-0.000000
-0.000000
-0.000000
-0.000000
-0.000000
-0.000000
-0.000000
0.000000
0.000000
0.000000
0.000000
-0.000000
-0.000000
-0.000000
-0.000000
-0.000000
-0.000000
-0.000000
-0.000000
-0.000000
-0.000000
-0.000000
-0.000000
-0.000000
-0.000000
-0.000000
-0.000000
-0.000000
-0.000000
-0.000000
-0.000000
-0.000000
-0.000000
-0.000000
-0.000000
-0.000000
-0.000000
0.000000
0.000000
0.000000
0.000000
0.000000
0.000000
0.000000
0.000000
0.000000
0.000000
0.000000
0.000000
0.000000
0.000000
0.000000
0.000000
0.000000
0.000000
0.000000
0.000000
0.000000
0.000000
0.000000
0.000000
0.000000
0.000000
0.000000
0.000000
0.000000
0.000000
0.000000
0.000000
0.000000
0.000000
0.000000
-0.000000
-0.000000
-0.000000
-0.000000
-0.000000
0.000000
0.000000
0.000000
0.000000
0.000000
0.000000
0.000000
0.000000
0.000000
0.000000
0.000000
-0.000000
-0.000000
-0.000000
-0.000000
-0.000000
-0.000000
-0.000000
-0.000000
-0.000000
-0.000000
-0.000000
-0.000000
-0.000000
-0.000000
-0.000000
-0.000000
-0.000000
-0.000000
-0.000000
-0.000000
-0.000000
-0.000000
-0.000000
-0.000000
-0.000000
-0.000000
-0.000000
-0.000000
-0.000000
-0.000000
-0.000000
-0.000000
-0.000000
-0.000000
-0.000000
0.000000
0.000000
0.000000
0.000000
0.000000
0.000000
0.000000
0.000000
0.000000
0.000000
0.000000
0.000000
-0.000000
-0.000000
-0.000000
-0.000000
-0.000000
-0.000000
-0.000000
-0.000000
-0.000000
-0.000000
-0.000000
-0.000000
0.000000
0.000000
0.000000
0.000000
0.000000
0.000000
0.000000
0.000000
-0.000000
-0.000000
-0.000000
-0.000000
-0.000000
-0.000000
-0.000000
-0.000000
-0.000000
-0.000000
-0.000000
-0.000000
-0.000000
-0.000000
-0.000000
-0.000000
-0.000000
-0.000000
-0.000000
-0.000000
-0.000000
-0.000000
-0.000000
-0.000000
-0.000000
-0.000000
-0.000000
-0.000000
-0.000000
-0.000000
-0.000000
-0.000000
-0.000000
-0.000000
-0.000000
-0.000000
-0.000000
-0.000000
-0.000000
-0.000000
-0.000000
-0.000000
-0.000000
-0.000000
-0.000000
-0.000000
-0.000000
-0.000000
-0.000000
-0.000000
-0.000000
-0.000000
0.000000
0.000000
0.000000
0.000000
0.000000
0.000000
0.000000
-0.000000
-0.000000
0.000000
0.000000
0.000000
0.000000
0.000000
0.000000
0.000000
0.000000
0.000000
0.000000
0.000000
-0.000000
-0.000000
-0.000000
-0.000000
-0.000000
-0.000000
-0.000000
-0.000000
0.000000
0.000000
0.000000
0.000000
0.000000
0.000000
0.000000
0.000000
0.000000
0.000000
0.000000
0.000000
0.000000
0.000000
0.000000
0.000000
0.000000
0.000000
0.000000
0.000000
0.000000
0.000000
0.000000
0.000000
0.000000
0.000000
0.000000
0.000000
0.000000
0.000000
0.000000
0.000000
-0.000000
-0.000000
-0.000000
-0.000000
-0.000000
0.000000
0.000000
0.000000
0.000000
0.000000
0.000000
0.000000
0.000000
0.000000
0.000000
0.000000
0.000000
0.000000
0.000000
0.000000
0.000000
-0.000000
-0.000000
-0.000000
-0.000000
-0.000000
-0.000000
0.000000
0.000000
0.000000
0.000000
0.000000
0.000000
0.000000
0.000000
0.000000
0.000000
0.000000
0.000000
0.000000
0.000000
0.000000
0.000000
0.000000
0.000000
0.000000
0.000000
0.000000
0.000000
0.000000
-0.000000
-0.000000
-0.000000
-0.000000
-0.000000
-0.000000
-0.000000
-0.000000
0.000000
0.000000
0.000000
0.000000
0.000000
0.000000
0.000000
0.000000
0.000000
0.000000
0.000000
0.000000
0.000000
0.000000
-0.000000
-0.000000
-0.000000
-0.000000
-0.000000
-0.000000
-0.000000
-0.000000
-0.000000
-0.000000
-0.000000
-0.000000
-0.000000
-0.000000
-0.000000
-0.000000
-0.000000
-0.000000
-0.000000
-0.000000
-0.000000
-0.000000
-0.000000
-0.000000
-0.000000
-0.000000
-0.000000
0.000000
0.000000
0.000000
0.000000
0.000000
0.000000
0.000000
0.000000
0.000000
0.000000
0.000000
0.000000
0.000000
-0.000000
-0.000000
-0.000000
-0.000000
-0.000000
-0.000000
-0.000000
0.000000
0.000000
0.000000
0.000000
0.000000
0.000000
0.000000
0.000000
0.000000
0.000000
0.000000
0.000000
0.000000
0.000000
0.000000
0.000000
0.000000
0.000000
-0.000000
-0.000000
-0.000000
-0.000000
-0.000000
-0.000000
-0.000000
-0.000000
-0.000000
-0.000000
-0.000000
-0.000000
0.000000
0.000000
0.000000
-0.000000
-0.000000
-0.000000
-0.000000
-0.000000
-0.000000
-0.000000
-0.000000
-0.000000
-0.000000
-0.000000
-0.000000
0.000000
0.000000
0.000000
0.000000
0.000000
0.000000
0.000000
0.000000
0.000000
-0.000000
-0.000000
-0.000000
-0.000000
-0.000000
-0.000000
-0.000000
-0.000000
-0.000000
0.000000
0.000000
0.000000
0.000000
0.000000
-0.000000
-0.000000
-0.000000
-0.000000
-0.000000
-0.000000
-0.000000
-0.000000
-0.000000
-0.000000
-0.000000
-0.000000
0.000000
0.000000
0.000000
0.000000
0.000000
0.000000
0.000000
-0.000000
-0.000000
-0.000000
-0.000000
-0.000000
-0.000000
-0.000000
-0.000000
-0.000000
-0.000000
-0.000000
-0.000000
-0.000000
-0.000000
-0.000000
-0.000000
-0.000000
-0.000000
-0.000000
-0.000000
-0.000000
-0.000000
-0.000000
-0.000000
-0.000000
-0.000000
-0.000000
-0.000000
-0.000000
-0.000000
-0.000000
-0.000000
-0.000000
-0.000000
-0.000000
-0.000000
-0.000000
-0.000000
-0.000000
-0.000000
-0.000000
-0.000000
-0.000000
-0.000000
-0.000000
-0.000000
-0.000000
-0.000000
-0.000000
-0.000000
-0.000000
-0.000000
-0.000000
-0.000000
-0.000000
-0.000000
-0.000000
-0.000000
-0.000000
-0.000000
-0.000000
-0.000000
-0.000000
-0.000000
-0.000000
-0.000000
-0.000000
-0.000000
-0.000000
-0.000000
-0.000000
0.000000
0.000000
0.000000
0.000000
0.000000
0.000000
0.000000
0.000000
0.000000
-0.000000
-0.000000
-0.000000
-0.000000
-0.000000
-0.000000
-0.000000
-0.000000
-0.000000
-0.000000
-0.000000
-0.000000
-0.000000
-0.000000
-0.000000
-0.000000
-0.000000
-0.000000
-0.000000
-0.000000
-0.000000
-0.000000
0.000000
0.000000
0.000000
0.000000
0.000000
0.000000
0.000000
0.000000
0.000000
0.000000
0.000000
0.000000
0.000000
0.000000
0.000000
0.000000
0.000000
0.000000
0.000000
0.000000
0.000000
0.000000
0.000000
0.000000
0.000000
0.000000
0.000000
0.000000
0.000000
0.000000
-0.000000
-0.000000
-0.000000
-0.000000
-0.000000
-0.000000
0.000000
0.000000
0.000000
0.000000
0.000000
0.000000
0.000000
0.000000
0.000000
-0.000000
-0.000000
-0.000000
-0.000000
-0.000000
-0.000000
-0.000000
-0.000000
-0.000000
-0.000000
-0.000000
-0.000000
-0.000000
-0.000000
0.000000
0.000000
0.000000
0.000000
0.000000
0.000000
0.000000
0.000000
0.000000
0.000000
0.000000
0.000000
0.000000
0.000000
0.000000
0.000000
0.000000
0.000000
0.000000
0.000000
0.000000
0.000000
0.000000
0.000000
-0.000000
-0.000000
-0.000000
-0.000000
-0.000000
-0.000000
-0.000000
-0.000000
-0.000000
-0.000000
-0.000000
-0.000000
-0.000000
-0.000000
-0.000000
-0.000000
-0.000000
-0.000000
-0.000000
-0.000000
-0.000000
-0.000000
-0.000000
-0.000000
-0.000000
-0.000000
-0.000000
-0.000000
-0.000000
-0.000000
-0.000000
-0.000000
-0.000000
-0.000000
-0.000000
-0.000000
-0.000000
-0.000000
-0.000000
-0.000000
-0.000000
-0.000000
-0.000000
-0.000000
-0.000000
-0.000000
-0.000000
-0.000000
-0.000000
-0.000000
-0.000000
0.000000
0.000000
0.000000
0.000000
-0.000000
-0.000000
-0.000000
-0.000000
-0.000000
-0.000000
-0.000000
-0.000000
-0.000000
-0.000000
-0.000000
-0.000000
-0.000000
-0.000000
-0.000000
-0.000000
-0.000000
-0.000000
-0.000000
-0.000000
-0.000000
-0.000000
-0.000000
-0.000000
-0.000000
-0.000000
-0.000000
-0.000000
-0.000000
-0.000000
-0.000000
-0.000000
-0.000000
-0.000000
-0.000000
-0.000000
-0.000000
-0.000000
-0.000000
-0.000000
-0.000000
-0.000000
-0.000000
-0.000000
-0.000000
-0.000000
-0.000000
-0.000000
-0.000000
-0.000000
-0.000000
-0.000000
-0.000000
-0.000000
-0.000000
-0.000000
-0.000000
-0.000000
0.000000
0.000000
-0.000000
-0.000000
-0.000000
-0.000000
-0.000000
-0.000000
-0.000000
-0.000000
-0.000000
-0.000000
-0.000000
-0.000000
0.000000
0.000000
0.000000
0.000000
0.000000
0.000000
0.000000
0.000000
-0.000000
-0.000000
0.000000
0.000000
0.000000
0.000000
0.000000
0.000000
0.000000
0.000000
0.000000
0.000000
0.000000
0.000000
0.000000
0.000000
0.000000
0.000000
-0.000000
-0.000000
-0.000000
0.000000
0.000000
0.000000
0.000000
0.000000
0.000000
0.000000
0.000000
0.000000
-0.000000
-0.000000
-0.000000
-0.000000
-0.000000
-0.000000
-0.000000
-0.000000
-0.000000
-0.000000
-0.000000
-0.000000
-0.000000
-0.000000
-0.000000
-0.000000
-0.000000
-0.000000
-0.000000
-0.000000
-0.000000
-0.000000
-0.000000
-0.000000
-0.000000
-0.000000
-0.000000
-0.000000
-0.000000
-0.000000
-0.000000
-0.000000
-0.000000
-0.000000
-0.000000
-0.000000
-0.000000
-0.000000
-0.000000
-0.000000
-0.000000
-0.000000
-0.000000
-0.000000
-0.000000
-0.000000
-0.000000
-0.000000
-0.000000
-0.000000
-0.000000
-0.000000
-0.000000
-0.000000
-0.000000
0.000000
0.000000
0.000000
0.000000
0.000000
0.000000
0.000000
0.000000
0.000000
0.000000
0.000000
0.000000
0.000000
0.000000
0.000000
0.000000
0.000000
0.000000
0.000000
0.000000
0.000000
0.000000
0.000000
0.000000
0.000000
0.000000
0.000000
0.000000
0.000000
0.000000
0.000000
0.000000
0.000000
0.000000
0.000000
0.000000
0.000000
0.000000
0.000000
0.000000
0.000000
0.000000
0.000000
0.000000
0.000000
0.000000
0.000000
0.000000
0.000000
0.000000
0.000000
0.000000
0.000000
0.000000
0.000000
0.000000
0.000000
0.000000
0.000000
0.000000
0.000000
0.000000
0.000000
-0.000000
-0.000000
-0.000000
-0.000000
-0.000000
-0.000000
-0.000000
-0.000000
-0.000000
-0.000000
-0.000000
-0.000000
-0.000000
-0.000000
-0.000000
-0.000000
-0.000000
-0.000000
-0.000000
-0.000000
-0.000000
-0.000000
-0.000000
-0.000000
-0.000000
-0.000000
0.000000
0.000000
0.000000
0.000000
0.000000
-0.000000
-0.000000
-0.000000
-0.000000
-0.000000
-0.000000
-0.000000
-0.000000
0.000000
0.000000
0.000000
0.000000
0.000000
0.000000
0.000000
0.000000
0.000000
0.000000
0.000000
0.000000
0.000000
0.000000
0.000000
0.000000
0.000000
0.000000
-0.000000
-0.000000
-0.000000
-0.000000
-0.000000
-0.000000
-0.000000
-0.000000
-0.000000
-0.000000
-0.000000
-0.000000
-0.000000
-0.000000
-0.000000
-0.000000
-0.000000
-0.000000
-0.000000
-0.000000
-0.000000
-0.000000
-0.000000
-0.000000
-0.000000
-0.000000
-0.000000
-0.000000
-0.000000
-0.000000
-0.000000
-0.000000
-0.000000
-0.000000
-0.000000
-0.000000
-0.000000
-0.000000
-0.000000
-0.000000
-0.000000
-0.000000
-0.000000
-0.000000
-0.000000
0.000000
0.000000
0.000000
0.000000
0.000000
0.000000
0.000000
0.000000
0.000000
0.000000
0.000000
-0.000000
-0.000000
-0.000000
-0.000000
-0.000000
-0.000000
-0.000000
-0.000000
-0.000000
0.000000
0.000000
0.000000
0.000000
0.000000
-0.000000
-0.000000
-0.000000
-0.000000
-0.000000
-0.000000
-0.000000
-0.000000
-0.000000
-0.000000
-0.000000
0.000000
0.000000
0.000000
0.000000
0.000000
-0.000000
-0.000000
-0.000000
-0.000000
-0.000000
-0.000000
-0.000000
-0.000000
-0.000000
-0.000000
0.000000
0.000000
0.000000
0.000000
0.000000
0.000000
0.000000
0.000000
0.000000
0.000000
0.000000
0.000000
0.000000
0.000000
0.000000
0.000000
0.000000
-0.000006
-0.000013
-0.000018
-0.000021
-0.000020
-0.000015
-0.000006
0.000008
0.000024
0.000039
0.000049
0.000051
0.000044
0.000026
0.000000
-0.000022
-0.000043
-0.000060
-0.000067
-0.000063
-0.000046
-0.000017
0.000023
0.000069
0.000110
0.000136
0.000140
0.000118
0.000069
-0.000000
-0.000088
-0.000175
-0.000243
-0.000276
-0.000261
-0.000193
-0.000075
0.000078
0.000240
0.000389
0.000495
0.000527
0.000462
0.000286
0.000000
-0.000381
-0.000834
-0.001315
-0.001779
-0.002184
-0.002480
-0.002635
-0.002620
-0.002429
-0.002082
-0.001602
-0.001033
-0.000411
0.000227
0.000841
0.001438
0.001986
0.002474
0.002908
0.003299
0.003649
0.003965
0.004246
0.004477
0.004642
0.004718
0.004677
0.004494
0.004147
0.003631
0.002909
0.002028
0.001039
-0.000015
-0.001082
-0.002086
-0.002981
-0.003752
-0.004362
-0.004767
-0.004960
-0.004943
-0.004736
-0.004365
-0.003869
-0.003304
-0.002683
-0.002047
-0.001412
-0.000785
-0.000178
0.000422
0.001055
0.001736
0.002468
0.003268
0.004127
0.005048
0.006021
0.007008
0.008070
0.009086
0.009979
0.010689
0.011157
0.011321
0.011149
0.010665
0.009888
0.008787
0.007380
0.005727
0.003862
0.001818
-0.000326
-0.002536
-0.004797
-0.007046
-0.009273
-0.011470
-0.013578
-0.015588
-0.017559
-0.019434
-0.021085
-0.022442
-0.023402
-0.023905
-0.023898
-0.023359
-0.022682
-0.021534
-0.019939
-0.017904
-0.015438
-0.012621
-0.009492
-0.006098
-0.002575
0.001000
0.004556
0.007952
0.011150
0.014142
0.016898
0.019500
0.022053
0.024623
0.027323
0.030233
0.033298
0.036445
0.039515
0.042202
0.044227
0.045292
0.045127
0.043601
0.040684
0.036584
0.031590
0.026099
0.020668
0.015690
0.011437
0.008064
0.005361
0.002860
-0.000082
-0.004297
-0.010682
-0.019855
-0.032285
-0.048129
-0.066696
-0.087144
-0.108252
-0.128013
-0.144786
-0.156945
-0.162925
-0.161975
-0.153776
-0.138939
-0.118586
-0.094211
-0.068226
-0.042606
-0.019197
-0.000000
0.014096
0.022631
0.025654
0.024001
0.018806
0.011578
0.003749
-0.003422
-0.008836
-0.011974
-0.012686
-0.011210
-0.008116
-0.004100
-0.000000
0.003509
0.005967
0.007082
0.006875
0.005548
0.003494
0.001151
-0.001091
-0.002844
-0.003878
-0.004123
-0.003646
-0.002635
-0.001326
-0.000000
0.001080
0.001815
0.002123
0.002026
0.001604
0.000989
0.000318
-0.000290
-0.000734
-0.000970
-0.000996
-0.000849
-0.000590
-0.000285
-0.000000
0.000306
0.000512
0.000602
0.000586
0.000479
0.000310
0.000107
0.000000
0.000000
0.000000
0.000000
0.000000
0.000000
0.000000
0.000000
0.000000
0.000000
0.000000
0.000000
0.000000
0.000000
0.000000
0.000000
0.000000
0.000000
0.000000
0.000000
0.000000
0.000000
