0.000000
0.000000
0.000000
0.000000
0.000000
0.000000
0.000000
0.000000
0.000000
0.000000
0.000000
0.000000
0.000000
0.000000
0.000000
0.000000
0.000000
0.000000
0.000000
0.000000
0.000000
0.000000
0.000000
0.000000
0.000000
0.000000
0.000000
0.000000
0.000000
0.000000
0.000000
0.000000
0.000000
0.000000
0.000000
0.000000
0.000000
0.000000
0.000000
0.000000
0.000000
0.000000
0.000000
0.000000
0.000000
0.000000
0.000000
0.000000
0.000000
0.000000
0.000000
0.000000
0.000000
0.000000
0.000000
0.000000
0.000000
0.000000
0.000000
0.000000
0.000000
0.000000
0.000000
0.000000
0.000000
0.000000
0.000000
0.000000
0.000000
0.000000
0.000000
0.000000
0.000000
0.000000
0.000000
0.000000
0.000000
0.000000
0.000000
0.000000
0.000000
0.000000
0.000000
0.000000
0.000000
0.000000
0.000000
0.000000
0.000000
0.000000
0.000000
0.000000
0.000000
0.000000
0.000000
0.000000
0.000000
0.000000
0.000000
0.000000
0.000000
0.000000
0.000000
0.000000
0.000000
0.000000
0.000000
0.000000
0.000000
0.000000
0.000000
0.000000
0.000000
0.000000
0.000000
0.000000
0.000000
0.000000
0.000000
0.000000
0.000000
0.000000
0.000000
0.000000
0.000000
0.000000
0.000000
0.000000
0.000000
0.000000
0.000000
0.000000
0.000000
0.000000
0.000000
0.000000
0.000000
0.000000
0.000000
0.000000
0.000000
0.000000
0.000000
0.000000
0.000000
0.000000
0.000000
0.000000
0.000000
0.000000
0.000000
0.000000
0.000000
0.000000
0.000000
0.000000
0.000000
0.000000
0.000000
0.000000
0.000000
0.000000
0.000000
0.000000
0.000000
0.000000
0.000000
0.000000
0.000000
0.000000
0.000000
0.000000
0.000000
0.000000
0.000000
0.000000
0.000000
0.000000
0.000000
0.000000
0.000000
0.000000
0.000000
0.000000
0.000000
0.000000
0.000000
0.000000
0.000000
0.000000
0.000000
0.000000
0.000000
0.000000
0.000000
0.000000
0.000000
0.000000
0.000000
0.000000
0.000000
0.000000
0.000000
0.000000
0.000000
0.000000
0.000000
0.000000
0.000000
0.000000
0.000000
0.000000
0.000000
0.000000
0.000000
0.000000
0.000000
0.000000
0.000000
0.000000
0.000000
0.000000
0.000000
0.000000
0.000000
0.000000
0.000000
0.000000
0.000000
0.000000
0.000000
0.000000
0.000000
0.000000
0.000000
0.000000
0.000000
0.000000
0.000000
0.000000
0.000000
0.000000
0.000000
0.000000
0.000000
0.000000
0.000000
0.000000
0.000000
0.000000
0.000000
0.000000
0.000000
0.000000
0.000000
0.000000
0.000000
0.000000
0.000000
0.000000
0.000000
0.000000
0.000000
0.000000
0.000000
0.000000
0.000000
0.000000
0.000000
0.000000
0.000000
0.000000
0.000000
0.000000
0.000000
0.000000
0.000000
0.000000
0.000000
0.000000
0.000000
0.000000
0.000000
0.000000
0.000000
0.000000
0.000000
0.000000
0.000000
0.000000
0.000000
0.000000
0.000000
0.000000
0.000000
0.000000
0.000000
0.000000
0.000000
0.000000
0.000000
0.000000
0.000000
0.000000
0.000000
0.000000
0.000000
0.000000
0.000000
0.000000
0.000000
0.000000
0.000000
0.000000
0.000000
0.000000
0.000000
0.000000
0.000000
0.000000
0.000000
0.000000
0.000000
0.000000
0.000000
0.000000
0.000000
0.000000
0.000000
0.000000
0.000000
0.000000
0.000000
0.000000
0.000000
0.000000
0.000000
0.000000
0.000000
0.000000
0.000000
0.000000
0.000000
0.000000
0.000000
0.000000
0.000000
0.000000
0.000000
0.000000
0.000000
0.000000
0.000000
0.000000
0.000000
0.000000
0.000000
0.000000
0.000000
0.000000
0.000000
0.000000
0.000000
0.000000
0.000000
0.000000
0.000000
0.000000
0.000000
0.000000
0.000000
0.000000
0.000000
0.000000
0.000000
0.000000
0.000000
0.000000
0.000000
0.000000
0.000000
0.000000
0.000000
0.000000
0.000000
0.000000
0.000000
0.000000
0.000000
0.000000
0.000000
0.000000
0.000000
0.000000
0.000000
0.000000
0.000000
0.000000
0.000000
0.000000
0.000000
0.000000
0.000000
0.000000
0.000000
0.000000
0.000000
0.000000
0.000000
0.000000
0.000000
0.000000
0.000000
0.000000
0.000000
0.000000
0.000000
0.000000
0.000000
0.000000
0.000000
0.000000
0.000000
0.000000
0.000000
0.000000
0.000000
0.000000
0.000530
0.001651
0.002698
0.003447
0.003661
0.003179
0.001925
-0.000000
-0.001545
-0.003120
-0.004376
-0.005004
-0.004751
-0.003509
-0.001353
0.001677
0.005115
0.008158
0.010150
0.010493
0.008865
0.005223
-0.000000
-0.006119
-0.012099
-0.016674
-0.018794
-0.017637
-0.012913
-0.004950
0.005094
0.015458
0.024580
0.030563
0.031658
0.026883
0.015977
-0.000000
-0.020022
-0.040499
-0.057426
-0.067070
-0.065791
-0.050854
-0.020846
0.023977
0.081026
0.147803
0.220440
0.292693
0.359833
0.417453
0.460876
0.487165
0.496511
0.489793
0.469587
0.439111
0.402833
0.364516
0.326874
0.292925
0.264297
0.241208
0.223333
0.209021
0.196260
0.183206
0.167159
0.147415
0.123736
0.096141
0.065124
0.032284
-0.001305
-0.035036
-0.067485
-0.097858
-0.126038
-0.151661
-0.175300
-0.197651
-0.218967
-0.240675
-0.262574
-0.284332
-0.305876
-0.326947
-0.346722
-0.364865
-0.381449
-0.396033
-0.408244
-0.418118
-0.425619
-0.431044
-0.434696
-0.436833
-0.438574
-0.439446
-0.439520
-0.438820
-0.437305
-0.434954
-0.431736
-0.428066
-0.424130
-0.419494
-0.414102
-0.408046
-0.401331
-0.393993
-0.386296
-0.380033
-0.373742
-0.367563
-0.361488
-0.355510
-0.349766
-0.344279
-0.339897
-0.336857
-0.334300
-0.332093
-0.330135
-0.328279
-0.326404
-0.324479
-0.323733
-0.322983
-0.322148
-0.321151
-0.319939
-0.318524
-0.316936
-0.315493
-0.314385
-0.313463
-0.312798
-0.312469
-0.312524
-0.312997
-0.313888
-0.314695
-0.315925
-0.317592
-0.319736
-0.322409
-0.325590
-0.329301
-0.332879
-0.336206
-0.340073
-0.344663
-0.350047
-0.356366
-0.363733
-0.372010
-0.379460
-0.387642
-0.396406
-0.405746
-0.415632
-0.425764
-0.436011
-0.445548
-0.453914
-0.461620
-0.468540
-0.474398
-0.479079
-0.482428
-0.484213
-0.483834
-0.481574
-0.477287
-0.470777
-0.461779
-0.450258
-0.436018
-0.419004
-0.399521
-0.377251
-0.351937
-0.323937
-0.293111
-0.259305
-0.223226
-0.185612
-0.145954
-0.105125
-0.063131
-0.019958
0.023415
0.066947
0.110394
0.152588
0.193617
0.233417
0.271049
0.306475
0.339592
0.369561
0.396651
0.420254
0.439640
0.454656
0.465065
0.470484
0.470869
0.466694
0.458106
0.444577
0.426035
0.402910
0.375313
0.343300
0.307743
0.270411
0.229979
0.187395
0.142721
0.095976
0.048270
-0.000275
-0.048777
-0.095896
-0.142225
-0.187635
-0.230975
-0.272118
-0.310868
-0.346171
-0.376954
-0.403950
-0.426460
-0.444453
-0.457822
-0.466239
-0.469759
-0.468271
-0.461929
-0.450939
-0.435288
-0.415358
-0.391237
-0.362935
-0.331170
-0.296766
-0.259249
-0.219481
-0.177509
-0.133339
-0.088019
-0.041680
0.004848
0.050201
0.094901
0.138866
0.181050
0.221411
0.259851
0.295409
0.326272
0.353969
0.377977
0.398455
0.415488
0.428800
0.438490
0.443678
0.444138
0.440790
0.433661
0.422964
0.408775
0.391066
0.370214
0.345041
0.316630
0.285709
0.252409
0.216817
0.179836
0.141571
0.101885
0.061656
0.021101
-0.019758
-0.060007
-0.099670
-0.138778
-0.176507
-0.212509
-0.247335
-0.280331
-0.311646
-0.341390
-0.369024
-0.394686
-0.417953
-0.438412
-0.456779
-0.473234
-0.487604
-0.500091
-0.510830
-0.519690
-0.525557
-0.529657
-0.532061
-0.532935
-0.532389
-0.530527
-0.527411
-0.522475
-0.515690
-0.507635
-0.498369
-0.488163
-0.477071
-0.465090
-0.452442
-0.438141
-0.422804
-0.406769
-0.390049
-0.372639
-0.354908
-0.336804
-0.317915
-0.298371
-0.278362
-0.257835
-0.237205
-0.216416
-0.195380
-0.174439
-0.152979
-0.131104
-0.109164
-0.087028
-0.064563
-0.042138
-0.019608
0.003288
0.026253
0.049347
0.072708
0.095938
0.119156
0.142479
0.165495
0.188286
0.210953
0.233133
0.254986
0.276666
0.297844
0.318662
0.339134
0.358795
0.377837
0.396389
0.414172
0.431307
0.447874
0.463543
0.478070
0.491507
0.503567
0.514285
0.523666
0.531504
0.537803
0.542505
0.545328
0.546199
0.545056
0.541894
0.536706
0.529436
0.520200
0.509336
0.496278
0.481203
0.464020
0.444590
0.423239
0.399887
0.374826
0.348540
0.320503
0.290544
0.259192
0.226350
0.191920
0.156639
0.121619
0.085826
0.049971
0.013969
-0.022257
-0.057950
-0.093133
-0.127190
-0.159203
-0.189789
-0.219028
-0.246368
-0.271918
-0.295719
-0.317252
-0.335432
-0.351116
-0.364024
-0.374261
-0.381868
-0.386721
-0.388858
-0.387841
-0.383483
-0.376147
-0.365845
-0.352865
-0.337296
-0.319160
-0.298888
-0.276179
-0.251164
-0.224443
-0.196088
-0.166132
-0.135286
-0.103582
-0.071169
-0.038648
-0.005762
0.027573
0.060692
0.093680
0.126614
0.158830
0.189457
0.219563
0.248636
0.276844
0.304324
0.330585
0.355738
0.379153
0.400306
0.420030
0.438493
0.455465
0.471126
0.485600
0.498650
0.509086
0.518089
0.525596
0.531755
0.536663
0.540300
0.542727
0.543655
0.542945
0.540850
0.537339
0.532458
0.526175
0.518407
0.509241
0.499017
0.487099
0.473555
0.458198
0.440797
0.421545
0.400294
0.377525
0.353670
0.327906
0.299979
0.270292
0.238669
0.204936
0.169754
0.134605
0.098021
0.060681
0.022478
-0.016685
-0.055975
-0.095376
-0.134342
-0.171797
-0.208105
-0.243167
-0.276113
-0.306874
-0.335340
-0.360794
-0.383319
-0.402648
-0.418270
-0.430156
-0.438203
-0.442182
-0.442108
-0.438517
-0.431510
-0.420431
-0.405078
-0.385646
-0.362058
-0.334191
-0.302672
-0.269380
-0.232663
-0.193329
-0.151434
-0.107013
-0.061173
-0.014103
0.033174
0.079296
0.124900
0.169845
0.212996
0.254239
0.293413
0.329488
0.361447
0.390024
0.414480
0.434759
0.450711
0.461894
0.468294
0.469819
0.466493
0.458360
0.445330
0.427668
0.405424
0.378588
0.347852
0.314251
0.277174
0.237511
0.195342
0.150693
0.104634
0.057287
0.009437
-0.037568
-0.084281
-0.130661
-0.175637
-0.219168
-0.261144
-0.300480
-0.335560
-0.367550
-0.395662
-0.419866
-0.440051
-0.455697
-0.466783
-0.472515
-0.472664
-0.468000
-0.458587
-0.444771
-0.426748
-0.404613
-0.378980
-0.348907
-0.315490
-0.279644
-0.241543
-0.201285
-0.159859
-0.117326
-0.073292
-0.028648
0.016195
0.061168
0.105190
0.148198
0.190118
0.229978
0.268378
0.304847
0.338494
0.369273
0.397093
0.421313
0.442013
0.459483
0.473642
0.484509
0.492191
0.496676
0.498174
0.496855
0.492980
0.487289
0.479693
0.470534
0.459974
0.448122
0.435363
0.421832
0.407900
0.394085
0.380290
0.366622
0.353486
0.340976
0.329204
0.318538
0.309488
0.301711
0.295440
0.290711
0.287581
0.286139
0.286368
0.288364
0.291962
0.296982
0.303404
0.311053
0.319875
0.329825
0.340598
0.351737
0.363339
0.375080
0.386906
0.398756
0.410277
0.421345
0.431307
0.439629
0.446643
0.452259
0.456296
0.458719
0.459448
0.458382
0.453912
0.447373
0.438997
0.428904
0.417172
0.404128
0.389789
0.373186
0.354487
0.334545
0.313339
0.291311
0.268416
0.244558
0.220138
0.193434
0.165833
0.137947
0.109775
0.081309
0.053160
0.025266
-0.002951
-0.031009
-0.058546
-0.085686
-0.111979
-0.137609
-0.162755
-0.187044
-0.210858
-0.234118
-0.256480
-0.278127
-0.299220
-0.319439
-0.338921
-0.357584
-0.375005
-0.391483
-0.407173
-0.421890
-0.435802
-0.449027
-0.461351
-0.472279
-0.482205
-0.490976
-0.498671
-0.505341
-0.510884
-0.515336
-0.518599
-0.520459
-0.520946
-0.520026
-0.517692
-0.513920
-0.508627
-0.501836
-0.493864
-0.484017
-0.472306
-0.458537
-0.442475
-0.424290
-0.403845
-0.381484
-0.357628
-0.331667
-0.303439
-0.273466
-0.241690
-0.208055
-0.173321
-0.138797
-0.103317
-0.067581
-0.031487
0.005077
0.041392
0.077526
0.112929
0.146693
0.179437
0.211240
0.241468
0.270181
0.297356
0.322323
0.344167
0.363408
0.379564
0.392621
0.402506
0.408963
0.411991
0.411303
0.406761
0.398602
0.386861
0.371901
0.353869
0.332832
0.309337
0.283273
0.254684
0.224262
0.192083
0.158173
0.123319
0.087541
0.050790
0.013743
-0.023620
-0.061281
-0.098362
-0.134834
-0.170661
-0.205039
-0.238104
-0.269925
-0.299803
-0.327769
-0.353815
-0.377393
-0.398589
-0.417570
-0.434128
-0.448306
-0.460147
-0.469453
-0.476329
-0.480848
-0.483041
-0.483668
-0.482412
-0.479408
-0.474778
-0.468609
-0.461157
-0.452579
-0.443533
-0.434480
-0.425039
-0.415255
-0.405381
-0.395451
-0.385509
-0.375848
-0.368017
-0.360691
-0.353950
-0.347694
-0.341826
-0.336393
-0.331339
-0.327492
-0.325030
-0.323036
-0.321375
-0.319949
-0.318634
-0.317337
-0.316044
-0.316140
-0.316300
-0.316419
-0.316405
-0.316188
-0.315736
-0.315055
-0.314490
-0.314189
-0.313943
-0.313826
-0.313917
-0.314284
-0.314986
-0.316044
-0.317041
-0.318439
-0.320253
-0.322519
-0.325280
-0.328506
-0.332212
-0.335765
-0.339067
-0.342884
-0.347399
-0.352683
-0.358877
-0.366085
-0.374166
-0.381409
-0.389333
-0.397773
-0.406696
-0.416047
-0.425525
-0.434994
-0.443604
-0.450936
-0.457566
-0.463414
-0.468270
-0.472052
-0.474628
-0.475779
-0.474668
-0.471737
-0.466839
-0.459760
-0.450226
-0.438211
-0.423526
-0.405983
-0.385902
-0.363177
-0.337658
-0.309821
-0.279630
-0.247034
-0.212777
-0.177491
-0.140780
-0.103425
-0.065370
-0.026528
0.012308
0.051185
0.089773
0.127056
0.163386
0.198810
0.232584
0.264747
0.295256
0.323352
0.348276
0.370355
0.389023
0.404266
0.416006
0.423949
0.428108
0.428192
0.424062
0.415997
0.404056
0.388633
0.369900
0.347945
0.323352
0.295915
0.265805
0.233762
0.199873
0.164175
0.127506
0.089904
0.051301
0.012451
-0.026583
-0.065744
-0.104084
-0.141541
-0.178052
-0.212777
-0.245890
-0.277422
-0.306696
-0.333776
-0.358693
-0.380975
-0.400763
-0.418285
-0.433428
-0.446289
-0.456956
-0.465295
-0.471437
-0.475475
-0.477460
-0.478136
-0.477202
-0.474768
-0.470926
-0.465730
-0.459375
-0.451973
-0.444124
-0.436216
-0.427847
-0.419019
-0.409930
-0.400583
-0.390994
-0.381429
-0.373370
-0.365536
-0.358036
-0.350796
-0.343752
-0.337020
-0.330595
-0.325318
-0.321442
-0.318141
-0.315340
-0.313020
-0.311101
-0.309527
-0.308306
-0.308774
-0.309638
-0.310755
-0.312004
-0.313283
-0.314486
-0.315583
-0.316913
-0.318554
-0.320227
-0.321970
-0.323787
-0.325723
-0.327820
-0.330060
-0.332223
-0.334599
-0.337157
-0.339907
-0.342858
-0.345944
-0.349155
-0.351944
-0.354234
-0.356666
-0.359390
-0.362495
-0.366118
-0.370368
-0.375195
-0.378998
-0.383298
-0.388070
-0.393346
-0.399131
-0.405249
-0.411589
-0.417148
-0.421537
-0.425504
-0.429005
-0.431916
-0.434184
-0.435712
-0.436323
-0.434352
-0.431039
-0.426389
-0.420344
-0.412802
-0.403827
-0.393306
-0.380454
-0.365339
-0.348486
-0.329823
-0.309712
-0.288108
-0.264908
-0.240516
-0.213738
-0.185457
-0.156256
-0.126094
-0.094906
-0.063324
-0.031272
0.001946
0.035736
0.069519
0.103254
0.136143
0.168164
0.199301
0.228905
0.258527
0.286849
0.313205
0.337591
0.359981
0.379900
0.397450
0.413551
0.428084
0.440320
0.450236
0.457619
0.462529
0.465009
0.465135
0.464650
0.462244
0.458038
0.452126
0.444570
0.435631
0.425440
0.414658
0.403698
0.392125
0.380012
0.367718
0.355350
0.343030
0.331178
0.320285
0.310127
0.301119
0.293450
0.287332
0.283069
0.280759
0.280312
0.281629
0.284831
0.289948
0.296856
0.305498
0.315821
0.327483
0.339561
0.352539
0.366074
0.380124
0.394659
0.409297
0.423943
0.438114
0.451234
0.463452
0.474587
0.484206
0.492133
0.498150
0.501924
0.503006
0.501491
0.497252
0.490164
0.480048
0.466996
0.450924
0.431771
0.409968
0.385362
0.357759
0.327605
0.294778
0.259131
0.221400
0.182043
0.140810
0.098619
0.055487
0.011422
-0.032550
-0.076363
-0.119782
-0.161603
-0.201858
-0.240476
-0.276556
-0.310095
-0.341023
-0.368596
-0.392958
-0.413723
-0.430318
-0.442691
-0.450705
-0.454122
-0.452966
-0.447611
-0.438239
-0.424501
-0.406354
-0.384235
-0.358244
-0.328428
-0.295583
-0.261302
-0.224346
-0.185541
-0.144904
-0.102415
-0.059050
-0.014898
0.029032
0.071505
0.113327
0.154467
0.193978
0.231834
0.267943
0.301388
0.330252
0.356143
0.378537
0.397538
0.413177
0.425156
0.433529
0.437454
0.436725
0.432182
0.423846
0.411960
0.396606
0.377771
0.355872
0.329864
0.300712
0.269162
0.235346
0.199346
0.162071
0.123620
0.083815
0.043514
0.002980
-0.037736
-0.077686
-0.116868
-0.155286
-0.192128
-0.227405
-0.261373
-0.293378
-0.323543
-0.351950
-0.378063
-0.402004
-0.423629
-0.442602
-0.459293
-0.473780
-0.485840
-0.495597
-0.503128
-0.508373
-0.511087
-0.511805
-0.510676
-0.507880
-0.503553
-0.497934
-0.491163
-0.483288
-0.474555
-0.465082
-0.454911
-0.444301
-0.433277
-0.421848
-0.410276
-0.398849
-0.387233
-0.375671
-0.364150
-0.352650
-0.341400
-0.330354
-0.319727
-0.309635
-0.299659
-0.289653
-0.279691
-0.269625
-0.259315
-0.248874
-0.238693
-0.228149
-0.217377
-0.206308
-0.194879
-0.183300
-0.171530
-0.159623
-0.147799
-0.135901
-0.123866
-0.111898
-0.099939
-0.087937
-0.076115
-0.064235
-0.052522
-0.041251
-0.030432
-0.020086
-0.010457
-0.001533
0.006970
0.014861
0.021878
0.028040
0.033255
0.037597
0.041126
0.043847
0.046533
0.048491
0.049692
0.050161
0.049903
0.048939
0.047299
0.045337
0.043094
0.040233
0.036761
0.032789
0.028373
0.023574
0.018579
0.014012
0.009366
0.004796
0.000352
-0.003915
-0.007864
-0.011464
-0.014471
-0.016832
-0.018796
-0.020390
-0.021612
-0.022498
-0.023077
-0.023359
-0.023055
-0.022526
-0.021810
-0.020926
-0.019873
-0.018669
-0.017304
-0.015644
-0.013723
-0.011665
-0.009477
-0.007221
-0.004917
-0.002591
-0.000326
0.001953
0.004091
0.005999
0.007645
0.009002
0.010023
0.010710
0.011067
0.011107
0.010865
0.010377
0.009699
0.008880
0.007963
0.007008
0.005985
0.004987
0.004054
0.003195
0.002405
0.001693
0.001039
0.000390
-0.000258
-0.000892
-0.001524
-0.002146
-0.002755
-0.003341
-0.003869
-0.004339
-0.004694
-0.004893
-0.004912
-0.004727
-0.004336
-0.003743
-0.002956
-0.002024
-0.000998
0.000075
0.001118
0.002087
0.002940
0.003631
0.004179
0.004547
0.004740
0.004779
0.004692
0.004509
0.004257
0.003965
0.003650
0.003300
0.002909
0.002475
0.001987
0.001438
0.000841
0.000206
-0.000447
-0.001074
-0.001643
-0.002115
-0.002451
-0.002628
-0.002642
-0.002498
-0.002210
-0.001806
-0.001339
-0.000852
-0.000390
-0.000000
0.000285
0.000460
0.000524
0.000492
0.000386
0.000238
0.000077
-0.000071
-0.000183
-0.000247
-0.000261
-0.000230
-0.000166
-0.000083
0.000000
0.000076
0.000129
0.000153
0.000148
0.000120
0.000076
0.000025
-0.000021
-0.000056
-0.000076
-0.000081
-0.000072
-0.000053
-0.000027
0.000000
0.000018
0.000031
0.000036
0.000034
0.000026
0.000016
0.000005
-0.000007
-0.000017
-0.000023
-0.000024
-0.000021
-0.000015
-0.000007
0.000000
0.000005
0.000009
0.000010
0.000010
0.000008
0.000005
0.000002
0.000000
0.000000
0.000000
0.000000
0.000000
0.000000
0.000000
0.000000
0.000000
0.000000
0.000000
0.000000
0.000000
0.000000
0.000000
0.000000
0.000000
0.000000
0.000000
0.000000
0.000000
0.000000
0.000000
0.000000
0.000000
0.000000
0.000000
0.000000
-0.000000
-0.000000
-0.000000
-0.000000
-0.000000
0.000000
0.000000
0.000000
0.000000
0.000000
0.000000
0.000000
0.000000
0.000000
0.000000
0.000000
0.000000
0.000000
0.000000
0.000000
0.000000
0.000000
0.000000
0.000000
0.000000
0.000000
0.000000
0.000000
0.000000
0.000000
0.000000
0.000000
0.000000
0.000000
0.000000
0.000000
0.000000
0.000000
0.000000
0.000000
0.000000
0.000000
0.000000
0.000000
0.000000
0.000000
0.000000
-0.000000
-0.000000
-0.000000
-0.000000
-0.000000
-0.000000
-0.000000
-0.000000
-0.000000
-0.000000
-0.000000
-0.000000
-0.000000
-0.000000
-0.000000
-0.000000
-0.000000
-0.000000
-0.000000
-0.000000
-0.000000
-0.000000
-0.000000
-0.000000
-0.000000
-0.000000
-0.000000
-0.000000
-0.000000
-0.000000
-0.000000
-0.000000
-0.000000
-0.000000
-0.000000
-0.000000
-0.000000
-0.000000
-0.000000
-0.000000
-0.000000
-0.000000
-0.000000
-0.000000
-0.000000
-0.000000
-0.000000
-0.000000
-0.000000
-0.000000
-0.000000
-0.000000
-0.000000
-0.000000
0.000000
0.000000
0.000000
0.000000
0.000000
0.000000
0.000000
0.000000
0.000000
0.000000
0.000000
0.000000
0.000000
0.000000
0.000000
0.000000
0.000000
0.000000
0.000000
0.000000
0.000000
0.000000
0.000000
0.000000
0.000000
0.000000
-0.000000
-0.000000
-0.000000
-0.000000
-0.000000
-0.000000
-0.000000
0.000000
0.000000
0.000000
0.000000
0.000000
0.000000
0.000000
0.000000
0.000000
0.000000
0.000000
0.000000
0.000000
-0.000000
-0.000000
-0.000000
-0.000000
-0.000000
-0.000000
-0.000000
-0.000000
-0.000000
-0.000000
-0.000000
-0.000000
-0.000000
-0.000000
-0.000000
-0.000000
-0.000000
-0.000000
-0.000000
-0.000000
-0.000000
-0.000000
-0.000000
-0.000000
-0.000000
-0.000000
-0.000000
-0.000000
0.000000
0.000000
0.000000
0.000000
0.000000
0.000000
0.000000
0.000000
-0.000000
-0.000000
-0.000000
-0.000000
-0.000000
0.000000
0.000000
0.000000
0.000000
0.000000
0.000000
0.000000
0.000000
0.000000
0.000000
0.000000
0.000000
0.000000
0.000000
0.000000
0.000000
0.000000
0.000000
0.000000
0.000000
0.000000
0.000000
0.000000
0.000000
0.000000
0.000000
0.000000
0.000000
0.000000
0.000000
0.000000
0.000000
0.000000
0.000000
0.000000
0.000000
0.000000
0.000000
0.000000
0.000000
0.000000
0.000000
0.000000
0.000000
0.000000
0.000000
0.000000
-0.000000
-0.000000
-0.000000
-0.000000
0.000000
0.000000
0.000000
0.000000
0.000000
0.000000
0.000000
0.000000
0.000000
0.000000
0.000000
0.000000
0.000000
0.000000
0.000000
0.000000
0.000000
0.000000
0.000000
0.000000
0.000000
0.000000
0.000000
0.000000
0.000000
0.000000
-0.000000
-0.000000
0.000000
0.000000
0.000000
0.000000
0.000000
0.000000
0.000000
0.000000
0.000000
0.000000
0.000000
0.000000
0.000000
0.000000
0.000000
0.000000
0.000000
0.000000
0.000000
0.000000
0.000000
0.000000
0.000000
0.000000
0.000000
0.000000
0.000000
0.000000
0.000000
0.000000
0.000000
0.000000
0.000000
0.000000
0.000000
0.000000
0.000000
0.000000
0.000000
0.000000
0.000000
0.000000
0.000000
0.000000
0.000000
0.000000
-0.000000
-0.000000
-0.000000
-0.000000
-0.000000
-0.000000
-0.000000
-0.000000
-0.000000
-0.000000
-0.000000
-0.000000
0.000000
0.000000
-0.000000
-0.000000
-0.000000
-0.000000
-0.000000
-0.000000
-0.000000
-0.000000
-0.000000
-0.000000
-0.000000
-0.000000
-0.000000
-0.000000
-0.000000
-0.000000
-0.000000
-0.000000
-0.000000
-0.000000
-0.000000
-0.000000
-0.000000
-0.000000
-0.000000
-0.000000
0.000000
-0.000000
-0.000000
-0.000000
-0.000000
-0.000000
-0.000000
-0.000000
-0.000000
-0.000000
-0.000000
-0.000000
-0.000000
-0.000000
-0.000000
-0.000000
-0.000000
-0.000000
-0.000000
-0.000000
-0.000000
-0.000000
-0.000000
-0.000000
-0.000000
-0.000000
-0.000000
-0.000000
-0.000000
-0.000000
-0.000000
-0.000000
-0.000000
-0.000000
-0.000000
-0.000000
-0.000000
-0.000000
-0.000000
-0.000000
-0.000000
-0.000000
-0.000000
-0.000000
-0.000000
-0.000000
-0.000000
-0.000000
-0.000000
-0.000000
-0.000000
-0.000000
-0.000000
-0.000000
-0.000000
-0.000000
-0.000000
0.000000
0.000000
0.000000
0.000000
0.000000
0.000000
0.000000
0.000000
0.000000
0.000000
0.000000
0.000000
0.000000
0.000000
0.000000
0.000000
0.000000
0.000000
0.000000
0.000000
0.000000
0.000000
0.000000
0.000000
0.000000
-0.000000
-0.000000
-0.000000
-0.000000
-0.000000
-0.000000
-0.000000
-0.000000
-0.000000
0.000000
0.000000
0.000000
0.000000
0.000000
0.000000
0.000000
0.000000
-0.000000
-0.000000
-0.000000
-0.000000
-0.000000
-0.000000
-0.000000
-0.000000
-0.000000
-0.000000
-0.000000
-0.000000
-0.000000
-0.000000
-0.000000
-0.000000
-0.000000
-0.000000
-0.000000
-0.000000
-0.000000
-0.000000
-0.000000
-0.000000
-0.000000
-0.000000
0.000000
0.000000
0.000000
0.000000
0.000000
0.000000
0.000000
-0.000000
-0.000000
-0.000000
-0.000000
-0.000000
-0.000000
-0.000000
-0.000000
-0.000000
-0.000000
-0.000000
-0.000000
-0.000000
-0.000000
-0.000000
-0.000000
-0.000000
-0.000000
0.000000
0.000000
-0.000000
-0.000000
-0.000000
-0.000000
-0.000000
-0.000000
-0.000000
-0.000000
-0.000000
-0.000000
-0.000000
-0.000000
-0.000000
-0.000000
-0.000000
-0.000000
-0.000000
-0.000000
-0.000000
0.000000
0.000000
0.000000
0.000000
0.000000
0.000000
-0.000000
-0.000000
-0.000000
-0.000000
0.000000
0.000000
0.000000
0.000000
0.000000
0.000000
0.000000
0.000000
0.000000
0.000000
0.000000
0.000000
-0.000000
-0.000000
-0.000000
-0.000000
-0.000000
-0.000000
-0.000000
-0.000000
0.000000
0.000000
0.000000
0.000000
0.000000
0.000000
0.000000
0.000000
0.000000
-0.000000
-0.000000
-0.000000
-0.000000
-0.000000
-0.000000
-0.000000
-0.000000
-0.000000
-0.000000
-0.000000
-0.000000
-0.000000
-0.000000
-0.000000
-0.000000
-0.000000
-0.000000
-0.000000
-0.000000
-0.000000
-0.000000
-0.000000
-0.000000
-0.000000
-0.000000
-0.000000
-0.000000
-0.000000
-0.000000
-0.000000
-0.000000
-0.000000
-0.000000
0.000000
0.000000
0.000000
0.000000
0.000000
0.000000
0.000000
0.000000
0.000000
0.000000
0.000000
0.000000
0.000000
0.000000
0.000000
0.000000
0.000000
0.000000
0.000000
0.000000
0.000000
0.000000
0.000000
0.000000
0.000000
0.000000
0.000000
0.000000
0.000000
0.000000
0.000000
0.000000
0.000000
0.000000
0.000000
0.000000
0.000000
0.000000
0.000000
0.000000
0.000000
0.000000
0.000000
0.000000
0.000000
0.000000
0.000000
0.000000
-0.000000
-0.000000
-0.000000
-0.000000
-0.000000
-0.000000
-0.000000
-0.000000
-0.000000
-0.000000
-0.000000
-0.000000
-0.000000
-0.000000
-0.000000
-0.000000
-0.000000
-0.000000
-0.000000
-0.000000
-0.000000
-0.000000
-0.000000
-0.000000
-0.000000
-0.000000
0.000000
0.000000
0.000000
0.000000
0.000000
0.000000
0.000000
0.000000
0.000000
0.000000
0.000000
0.000000
0.000000
0.000000
0.000000
0.000000
0.000000
0.000000
-0.000000
-0.000000
-0.000000
0.000000
0.000000
0.000000
0.000000
0.000000
0.000000
0.000000
0.000000
0.000000
0.000000
0.000000
0.000000
0.000000
0.000000
0.000000
0.000000
0.000000
0.000000
0.000000
0.000000
0.000000
0.000000
0.000000
0.000000
0.000000
0.000000
0.000000
0.000000
0.000000
0.000000
0.000000
0.000000
0.000000
0.000000
0.000000
0.000000
0.000000
0.000000
0.000000
0.000000
0.000000
0.000000
0.000000
0.000000
0.000000
0.000000
0.000000
0.000000
0.000000
0.000000
0.000000
0.000000
0.000000
0.000000
0.000000
0.000000
0.000000
0.000000
0.000000
0.000000
0.000000
0.000000
0.000000
0.000000
0.000000
0.000000
-0.000000
-0.000000
-0.000000
-0.000000
-0.000000
-0.000000
-0.000000
-0.000000
-0.000000
-0.000000
-0.000000
-0.000000
-0.000000
-0.000000
-0.000000
-0.000000
-0.000000
-0.000000
-0.000000
-0.000000
-0.000000
-0.000000
-0.000000
-0.000000
-0.000000
-0.000000
-0.000000
-0.000000
-0.000000
-0.000000
-0.000000
-0.000000
-0.000000
-0.000000
-0.000000
-0.000000
-0.000000
-0.000000
-0.000000
-0.000000
-0.000000
-0.000000
-0.000000
-0.000000
0.000000
0.000000
0.000000
0.000000
0.000000
0.000000
0.000000
0.000000
0.000000
0.000000
0.000000
0.000000
0.000000
-0.000000
-0.000000
-0.000000
-0.000000
-0.000000
-0.000000
-0.000000
0.000000
0.000000
0.000000
0.000000
0.000000
0.000000
0.000000
0.000000
0.000000
0.000000
0.000000
0.000000
0.000000
-0.000000
0.000000
0.000000
0.000000
0.000000
0.000000
0.000000
0.000000
0.000000
0.000000
0.000000
0.000000
0.000000
0.000000
0.000000
-0.000000
-0.000000
-0.000000
-0.000000
-0.000000
-0.000000
-0.000000
-0.000000
0.000000
0.000000
0.000000
0.000000
0.000000
0.000000
0.000000
0.000000
0.000000
0.000000
0.000000
0.000000
0.000000
0.000000
0.000000
0.000000
0.000000
0.000000
0.000000
0.000000
0.000000
0.000000
0.000000
0.000000
0.000000
0.000000
0.000000
-0.000000
-0.000000
-0.000000
-0.000000
-0.000000
-0.000000
-0.000000
-0.000000
-0.000000
-0.000000
-0.000000
-0.000000
-0.000000
-0.000000
-0.000000
-0.000000
-0.000000
-0.000000
-0.000000
-0.000000
-0.000000
-0.000000
-0.000000
-0.000000
-0.000000
-0.000000
-0.000000
-0.000000
-0.000000
-0.000000
-0.000000
-0.000000
-0.000000
-0.000000
-0.000000
-0.000000
-0.000000
-0.000000
-0.000000
-0.000000
-0.000000
0.000000
0.000000
0.000000
0.000000
0.000000
0.000000
0.000000
0.000000
0.000000
0.000000
0.000000
0.000000
0.000000
0.000000
0.000000
-0.000000
-0.000000
-0.000000
-0.000000
-0.000000
-0.000000
-0.000000
-0.000000
-0.000000
-0.000000
0.000000
0.000000
0.000000
0.000000
0.000000
0.000000
0.000000
0.000000
0.000000
0.000000
0.000000
0.000000
0.000000
0.000000
0.000000
0.000000
0.000000
0.000000
0.000000
0.000000
0.000000
0.000000
0.000000
0.000000
0.000000
0.000000
0.000000
0.000000
0.000000
0.000000
0.000000
0.000000
0.000000
-0.000000
-0.000000
-0.000000
-0.000000
-0.000000
-0.000000
-0.000000
-0.000000
-0.000000
-0.000000
-0.000000
-0.000000
-0.000000
-0.000000
-0.000000
-0.000000
-0.000000
-0.000000
-0.000000
-0.000000
-0.000000
-0.000000
-0.000000
-0.000000
-0.000000
-0.000000
-0.000000
-0.000000
-0.000000
-0.000000
-0.000000
-0.000000
-0.000000
-0.000000
-0.000000
-0.000000
-0.000000
-0.000000
-0.000000
-0.000000
-0.000000
-0.000000
-0.000000
0.000000
0.000000
0.000000
0.000006
0.000013
0.000018
0.000021
0.000020
0.000015
0.000006
-0.000008
-0.000024
-0.000038
-0.000049
-0.000051
-0.000044
-0.000026
0.000000
0.000022
0.000043
0.000060
0.000068
0.000063
0.000046
0.000018
-0.000023
-0.000069
-0.000110
-0.000136
-0.000140
-0.000118
-0.000069
0.000000
0.000088
0.000175
0.000243
0.000276
0.000261
0.000193
0.000075
-0.000078
-0.000240
-0.000389
-0.000495
-0.000527
-0.000462
-0.000286
-0.000000
0.000381
0.000834
0.001315
0.001779
0.002184
0.002480
0.002635
0.002620
0.002429
0.002082
0.001602
0.001033
0.000411
-0.000227
-0.000841
-0.001438
-0.001986
-0.002474
-0.002908
-0.003299
-0.003649
-0.003965
-0.004246
-0.004477
-0.004642
-0.004718
-0.004677
-0.004494
-0.004147
-0.003631
-0.002909
-0.002028
-0.001038
0.000015
0.001082
0.002086
0.002981
0.003752
0.004362
0.004767
0.004960
0.004943
0.004736
0.004365
0.003869
0.003304
0.002683
0.002047
0.001412
0.000785
0.000178
-0.000422
-0.001055
-0.001736
-0.002468
-0.003267
-0.004127
-0.005048
-0.006021
-0.007008
-0.008070
-0.009086
-0.009979
-0.010689
-0.011157
-0.011321
-0.011150
-0.010665
-0.009888
-0.008787
-0.007380
-0.005727
-0.003862
-0.001818
0.000326
0.002548
0.004823
0.007082
0.009315
0.011510
0.013609
0.015600
0.017544
0.019386
0.021008
0.022344
0.023299
0.023817
0.023845
0.023359
0.022725
0.021621
0.020059
0.018039
0.015564
0.012713
0.009527
0.006346
0.003352
0.000277
-0.002916
-0.006201
-0.009622
-0.013213
-0.016898
-0.019825
-0.022711
-0.025538
-0.028356
-0.031193
-0.033989
-0.036704
-0.038752
-0.039878
-0.040523
-0.040683
-0.040367
-0.039586
-0.038328
-0.036584
-0.033177
-0.029057
-0.024382
-0.019239
-0.013695
-0.007922
-0.001926
0.004879
0.012534
0.020566
0.028987
0.037622
0.046498
0.055670
0.065015
0.075486
0.086435
0.097639
0.109106
0.120853
0.132644
0.144531
0.156826
0.169415
0.182171
0.195183
0.208249
0.221459
0.234902
0.248363
0.261928
0.275666
0.289330
0.302969
0.316620
0.330004
0.343136
0.355802
0.367686
0.379055
0.389989
0.400335
0.410189
0.419621
0.428462
0.435899
0.442673
0.448715
0.454108
0.458899
0.463001
0.466393
0.468461
0.468931
0.468269
0.466459
0.463545
0.459534
0.454384
0.448149
0.439587
0.429622
0.418509
0.406298
0.393010
0.378945
0.364066
0.347724
0.330030
0.311417
0.291813
0.271586
0.250660
0.228918
0.206708
0.182960
0.158339
0.133325
0.107860
0.081874
0.055868
0.029741
0.003038
-0.023838
-0.050710
-0.077706
-0.104357
-0.130804
-0.157178
-0.183022
-0.208788
-0.234227
-0.258853
-0.282751
-0.305985
-0.328103
-0.349181
-0.369288
-0.387972
-0.405302
-0.421383
-0.435992
-0.449281
-0.461360
-0.472054
-0.481174
-0.488886
-0.495107
-0.499947
-0.503473
-0.505667
-0.506571
-0.505937
-0.503600
-0.499771
-0.494483
-0.487918
-0.480141
-0.471167
-0.461177
-0.449500
-0.436485
-0.422424
-0.407337
-0.391214
-0.374398
-0.356839
-0.338117
-0.318378
-0.297821
-0.276387
-0.254514
-0.232154
-0.209229
-0.186139
-0.162157
-0.137591
-0.112894
-0.087977
-0.062746
-0.037661
-0.012601
0.012780
0.038116
0.063354
0.088615
0.113456
0.138000
0.162367
0.186139
0.209648
0.232791
0.255172
0.276923
0.298161
0.318529
0.338143
0.357091
0.374960
0.391838
0.407826
0.422684
0.436530
0.449438
0.461177
0.471550
0.480642
0.488310
0.494640
0.499687
0.503395
0.505811
0.506737
0.505982
0.503720
0.499983
0.494906
0.488543
0.480883
0.472054
0.461463
0.449320
0.435849
0.421029
0.404810
0.387509
0.369076
0.349139
0.327916
0.305599
0.282172
0.258162
0.233570
0.208360
0.183022
0.156849
0.130176
0.103509
0.076757
0.049816
0.023176
-0.003296
-0.030036
-0.056658
-0.082997
-0.109126
-0.134532
-0.159295
-0.183497
-0.206708
-0.229675
-0.251946
-0.273128
-0.293344
-0.312700
-0.330883
-0.348026
-0.364547
-0.380176
-0.394672
-0.408063
-0.420087
-0.430792
-0.440200
-0.448149
-0.455312
-0.461075
-0.465342
-0.468188
-0.469665
-0.469822
-0.468763
-0.466859
-0.464185
-0.460482
-0.455771
-0.450182
-0.443743
-0.436450
-0.428462
-0.420292
-0.411305
-0.401640
-0.391249
-0.380078
-0.368343
-0.356026
-0.343332
-0.330507
-0.317302
-0.303697
-0.289985
-0.276154
-0.262185
-0.248363
-0.234901
-0.221465
-0.208266
-0.195211
-0.182205
-0.169445
-0.156839
-0.144327
-0.132126
-0.120159
-0.108377
-0.096996
-0.085966
-0.075244
-0.065015
-0.054984
-0.045350
-0.036271
-0.027674
-0.019493
-0.011839
-0.004640
0.002399
0.009138
0.015340
0.020991
0.025953
0.030224
0.033792
0.036584
0.039239
0.041112
0.042166
0.042435
0.041959
0.040811
0.039074
0.037150
0.035133
0.032737
0.029995
0.027004
0.023796
0.020394
0.016898
0.013882
0.010740
0.007514
0.004191
0.000764
-0.002680
-0.006115
-0.009271
-0.012057
-0.014681
-0.017103
-0.019224
-0.021004
-0.022403
-0.023359
-0.023550
-0.023322
-0.022716
-0.021775
-0.020541
-0.019083
-0.017439
-0.015529
-0.013427
-0.011264
-0.009052
-0.006845
-0.004645
-0.002454
-0.000326
0.001822
0.003868
0.005734
0.007388
0.008794
0.009892
0.010667
0.011110
0.011218
0.011017
0.010540
0.009844
0.008985
0.008016
0.007008
0.005948
0.004925
0.003983
0.003127
0.002353
0.001662
0.001030
0.000404
-0.000223
-0.000846
-0.001476
-0.002105
-0.002726
-0.003326
-0.003869
-0.004350
-0.004711
-0.004913
-0.004931
-0.004743
-0.004346
-0.003747
-0.002957
-0.002024
-0.000998
0.000074
0.001118
0.002087
0.002940
0.003631
0.004179
0.004547
0.004740
0.004779
0.004692
0.004509
0.004257
0.003965
0.003650
0.003300
0.002909
0.002475
0.001987
0.001438
0.000841
0.000206
-0.000447
-0.001074
-0.001643
-0.002115
-0.002451
-0.002628
-0.002642
-0.002498
-0.002210
-0.001806
-0.001339
-0.000852
-0.000390
0.000000
0.000285
0.000460
0.000524
0.000492
0.000386
0.000238
0.000077
-0.000071
-0.000183
-0.000247
-0.000261
-0.000230
-0.000166
-0.000083
-0.000000
0.000076
0.000129
0.000153
0.000148
0.000120
0.000076
0.000025
-0.000021
-0.000056
-0.000076
-0.000081
-0.000072
-0.000053
-0.000027
-0.000000
0.000018
0.000031
0.000036
0.000034
0.000026
0.000016
0.000005
-0.000007
-0.000018
-0.000023
-0.000024
-0.000021
-0.000015
-0.000007
-0.000000
0.000005
0.000009
0.000010
0.000010
0.000008
0.000005
0.000002
-0.000000
-0.000000
0.000000
0.000000
0.000000
0.000000
0.000000
0.000000
0.000000
0.000000
0.000000
0.000000
0.000000
-0.000000
-0.000000
-0.000000
-0.000000
-0.000000
-0.000000
-0.000000
-0.000000
-0.000000
-0.000000
0.000000
0.000000
0.000000
0.000000
0.000000
0.000000
0.000000
0.000000
0.000000
0.000000
0.000000
0.000000
0.000000
0.000000
0.000000
0.000000
0.000000
0.000000
0.000000
0.000000
0.000000
0.000000
0.000000
0.000000
0.000000
0.000000
0.000000
0.000000
0.000000
0.000000
0.000000
0.000000
0.000000
0.000000
0.000000
0.000000
0.000000
-0.000000
-0.000000
-0.000000
-0.000000
-0.000000
-0.000000
-0.000000
0.000000
0.000000
0.000000
0.000000
0.000000
0.000000
0.000000
0.000000
-0.000000
-0.000000
-0.000000
-0.000000
-0.000000
-0.000000
-0.000000
-0.000000
-0.000000
-0.000000
-0.000000
-0.000000
-0.000000
-0.000000
-0.000000
-0.000000
-0.000000
-0.000000
-0.000000
-0.000000
-0.000000
-0.000000
-0.000000
-0.000000
-0.000000
-0.000000
-0.000000
-0.000000
-0.000000
-0.000000
-0.000000
-0.000000
-0.000000
-0.000000
-0.000000
-0.000000
-0.000000
-0.000000
-0.000000
-0.000000
-0.000000
0.000000
0.000000
0.000000
0.000000
0.000000
0.000000
-0.000000
-0.000000
-0.000000
-0.000000
-0.000000
-0.000000
-0.000000
-0.000000
-0.000000
-0.000000
-0.000000
-0.000000
-0.000000
-0.000000
-0.000000
-0.000000
-0.000000
-0.000000
-0.000000
-0.000000
-0.000000
-0.000000
-0.000000
-0.000000
-0.000000
-0.000000
-0.000000
-0.000000
-0.000000
-0.000000
-0.000000
-0.000000
-0.000000
-0.000000
-0.000000
-0.000000
-0.000000
-0.000000
-0.000000
-0.000000
-0.000000
-0.000000
-0.000000
-0.000000
-0.000000
-0.000000
-0.000000
-0.000000
-0.000000
-0.000000
-0.000000
-0.000000
-0.000000
-0.000000
-0.000000
-0.000000
-0.000000
-0.000000
-0.000000
-0.000000
-0.000000
-0.000000
0.000000
0.000000
0.000000
0.000000
0.000000
0.000000
-0.000000
-0.000000
-0.000000
-0.000000
-0.000000
-0.000000
-0.000000
-0.000000
-0.000000
-0.000000
-0.000000
0.000000
0.000000
0.000000
0.000000
0.000000
0.000000
0.000000
0.000000
0.000000
0.000000
0.000000
0.000000
0.000000
0.000000
0.000000
0.000000
0.000000
0.000000
0.000000
0.000000
0.000000
0.000000
0.000000
0.000000
0.000000
0.000000
0.000000
0.000000
0.000000
0.000000
0.000000
0.000000
0.000000
0.000000
0.000000
0.000000
0.000000
0.000000
0.000000
0.000000
0.000000
0.000000
0.000000
0.000000
0.000000
0.000000
0.000000
0.000000
0.000000
0.000000
0.000000
0.000000
0.000000
0.000000
0.000000
0.000000
0.000000
0.000000
-0.000000
-0.000000
-0.000000
-0.000000
-0.000000
-0.000000
-0.000000
-0.000000
-0.000000
-0.000000
-0.000000
-0.000000
-0.000000
-0.000000
-0.000000
-0.000000
-0.000000
-0.000000
-0.000000
-0.000000
-0.000000
-0.000000
0.000000
0.000000
0.000000
0.000000
0.000000
0.000000
0.000000
0.000000
0.000000
0.000000
0.000000
0.000000
0.000000
-0.000000
-0.000000
-0.000000
-0.000000
-0.000000
-0.000000
-0.000000
-0.000000
-0.000000
-0.000000
-0.000000
-0.000000
-0.000000
-0.000000
-0.000000
0.000000
0.000000
0.000000
0.000000
0.000000
0.000000
0.000000
0.000000
0.000000
0.000000
0.000000
0.000000
0.000000
0.000000
0.000000
0.000000
0.000000
0.000000
-0.000000
-0.000000
-0.000000
-0.000000
0.000000
0.000000
0.000000
0.000000
0.000000
0.000000
0.000000
0.000000
0.000000
0.000000
0.000000
0.000000
0.000000
0.000000
0.000000
-0.000000
-0.000000
-0.000000
-0.000000
-0.000000
-0.000000
-0.000000
-0.000000
-0.000000
-0.000000
-0.000000
-0.000000
-0.000000
-0.000000
-0.000000
-0.000000
-0.000000
-0.000000
-0.000000
-0.000000
-0.000000
-0.000000
-0.000000
-0.000000
0.000000
0.000000
0.000000
0.000000
0.000000
0.000000
0.000000
-0.000000
-0.000000
-0.000000
-0.000000
-0.000000
-0.000000
-0.000000
-0.000000
-0.000000
0.000000
0.000000
0.000000
0.000000
0.000000
0.000000
0.000000
0.000000
0.000000
0.000000
0.000000
0.000000
0.000000
0.000000
-0.000000
-0.000000
-0.000000
0.000000
0.000000
0.000000
0.000000
0.000000
0.000000
0.000000
0.000000
0.000000
0.000000
0.000000
-0.000000
-0.000000
-0.000000
-0.000000
-0.000000
-0.000000
-0.000000
-0.000000
-0.000000
-0.000000
-0.000000
-0.000000
-0.000000
-0.000000
-0.000000
-0.000000
-0.000000
-0.000000
-0.000000
-0.000000
-0.000000
-0.000000
-0.000000
-0.000000
-0.000000
0.000000
0.000000
0.000000
0.000000
0.000000
0.000000
0.000000
0.000000
0.000000
0.000000
0.000000
0.000000
0.000000
-0.000000
-0.000000
-0.000000
-0.000000
-0.000000
-0.000000
-0.000000
-0.000000
-0.000000
-0.000000
-0.000000
-0.000000
0.000000
0.000000
0.000000
0.000000
0.000000
0.000000
0.000000
0.000000
-0.000000
-0.000000
-0.000000
-0.000000
-0.000000
0.000000
0.000000
0.000000
0.000000
0.000000
0.000000
0.000000
0.000000
0.000000
0.000000
0.000000
0.000000
0.000000
0.000000
0.000000
0.000000
0.000000
0.000000
-0.000000
-0.000000
-0.000000
-0.000000
-0.000000
-0.000000
-0.000000
-0.000000
-0.000000
-0.000000
-0.000000
-0.000000
-0.000000
-0.000000
-0.000000
0.000000
0.000000
0.000000
0.000000
0.000000
0.000000
0.000000
0.000000
0.000000
0.000000
0.000000
0.000000
0.000000
0.000000
0.000000
0.000000
-0.000000
-0.000000
-0.000000
-0.000000
-0.000000
-0.000000
-0.000000
-0.000000
-0.000000
-0.000000
-0.000000
-0.000000
0.000000
0.000000
0.000000
0.000000
0.000000
0.000000
0.000000
0.000000
0.000000
0.000000
0.000000
0.000000
-0.000000
-0.000000
-0.000000
-0.000000
-0.000000
-0.000000
-0.000000
-0.000000
-0.000000
-0.000000
-0.000000
-0.000000
-0.000000
-0.000000
-0.000000
-0.000000
-0.000000
-0.000000
-0.000000
-0.000000
-0.000000
-0.000000
-0.000000
-0.000000
-0.000000
-0.000000
-0.000000
-0.000000
-0.000000
-0.000000
-0.000000
-0.000000
-0.000000
-0.000000
-0.000000
-0.000000
-0.000000
-0.000000
-0.000000
-0.000000
-0.000000
-0.000000
-0.000000
-0.000000
-0.000000
-0.000000
-0.000000
-0.000000
-0.000000
-0.000000
-0.000000
-0.000000
-0.000000
-0.000000
-0.000000
-0.000000
-0.000000
-0.000000
-0.000000
-0.000000
-0.000000
-0.000000
-0.000000
-0.000000
-0.000000
-0.000000
-0.000000
-0.000000
-0.000000
0.000000
0.000000
0.000000
0.000000
0.000000
0.000000
0.000000
0.000000
0.000000
0.000000
0.000000
0.000000
0.000000
0.000000
0.000000
0.000000
0.000000
0.000000
0.000000
0.000000
0.000000
0.000000
0.000000
0.000000
0.000000
0.000000
0.000000
0.000000
0.000000
0.000000
0.000000
0.000000
0.000000
0.000000
0.000000
0.000000
0.000000
0.000000
0.000000
0.000000
0.000000
0.000000
0.000000
0.000000
0.000000
0.000000
0.000000
0.000000
0.000000
0.000000
0.000000
0.000000
0.000000
0.000000
0.000000
0.000000
0.000000
0.000000
0.000000
0.000000
0.000000
0.000000
0.000000
0.000000
0.000000
0.000000
0.000000
0.000000
0.000000
0.000000
0.000000
0.000000
-0.000000
-0.000000
-0.000000
-0.000000
-0.000000
-0.000000
-0.000000
-0.000000
-0.000000
-0.000000
-0.000000
-0.000000
-0.000000
-0.000000
-0.000000
-0.000000
0.000000
0.000000
0.000000
0.000000
0.000000
0.000000
0.000000
0.000000
0.000000
0.000000
0.000000
0.000000
0.000000
0.000000
0.000000
0.000000
0.000000
0.000000
0.000000
0.000000
0.000000
0.000000
0.000000
0.000000
0.000000
-0.000000
-0.000000
-0.000000
-0.000000
0.000000
0.000000
0.000000
0.000000
0.000000
0.000000
0.000000
0.000000
0.000000
0.000000
0.000000
0.000000
0.000000
0.000000
0.000000
0.000000
0.000000
0.000000
0.000000
0.000000
-0.000000
-0.000000
-0.000000
-0.000000
-0.000000
-0.000000
0.000000
0.000000
0.000000
0.000000
0.000000
0.000000
0.000000
0.000000
0.000000
0.000000
0.000000
0.000000
0.000000
0.000000
-0.000000
-0.000000
-0.000000
-0.000000
-0.000000
-0.000000
-0.000000
-0.000000
-0.000000
-0.000000
0.000000
0.000000
0.000000
0.000000
0.000000
0.000000
0.000000
0.000000
0.000000
0.000000
0.000000
0.000000
0.000000
0.000000
0.000000
0.000000
0.000000
0.000000
0.000000
0.000000
0.000000
0.000000
0.000000
0.000000
0.000000
0.000000
0.000000
0.000000
0.000000
0.000000
0.000000
0.000000
0.000000
0.000000
0.000000
0.000000
0.000000
0.000000
0.000000
0.000000
0.000000
-0.000000
-0.000000
-0.000000
-0.000000
-0.000000
-0.000000
-0.000000
-0.000000
-0.000000
-0.000000
0.000000
0.000000
0.000000
0.000000
0.000000
0.000000
0.000000
0.000000
-0.000000
-0.000000
-0.000000
-0.000000
-0.000000
-0.000000
-0.000000
0.000000
0.000000
0.000000
0.000000
0.000000
0.000000
0.000000
0.000000
0.000000
0.000000
0.000000
0.000000
0.000000
0.000000
0.000000
0.000000
0.000000
0.000000
0.000000
0.000000
0.000000
0.000000
0.000000
0.000000
0.000000
0.000000
0.000000
0.000000
0.000000
0.000000
0.000000
0.000000
0.000000
0.000000
0.000000
0.000000
0.000000
0.000000
0.000000
0.000000
0.000000
0.000000
0.000000
0.000000
0.000000
0.000000
0.000000
0.000000
0.000000
0.000000
0.000000
0.000000
0.000000
0.000000
0.000000
0.000000
0.000000
0.000000
0.000000
0.000000
0.000000
-0.000000
-0.000000
-0.000000
-0.000000
-0.000000
-0.000000
-0.000000
-0.000000
-0.000000
-0.000000
-0.000000
-0.000000
-0.000000
-0.000000
-0.000000
-0.000000
-0.000000
-0.000000
-0.000000
-0.000000
-0.000000
-0.000000
-0.000000
-0.000000
-0.000000
-0.000000
-0.000000
-0.000000
-0.000000
-0.000000
-0.000000
-0.000000
-0.000000
-0.000000
-0.000000
-0.000000
-0.000000
-0.000000
-0.000000
-0.000000
-0.000000
-0.000000
-0.000000
-0.000000
-0.000000
-0.000000
-0.000000
-0.000000
-0.000000
-0.000000
-0.000000
-0.000000
-0.000000
-0.000000
-0.000000
-0.000000
-0.000000
-0.000000
-0.000000
-0.000000
-0.000000
-0.000000
-0.000000
-0.000000
-0.000000
-0.000000
-0.000000
-0.000000
-0.000000
-0.000000
-0.000000
-0.000000
-0.000000
-0.000000
-0.000000
-0.000000
-0.000000
-0.000000
-0.000000
-0.000000
-0.000000
-0.000000
-0.000000
-0.000000
-0.000000
-0.000000
-0.000000
-0.000000
-0.000000
-0.000000
-0.000000
-0.000000
-0.000000
-0.000000
-0.000000
-0.000000
-0.000000
-0.000000
-0.000000
-0.000000
-0.000000
-0.000000
-0.000000
-0.000000
-0.000000
-0.000000
-0.000000
-0.000000
-0.000000
-0.000000
-0.000000
-0.000000
-0.000000
-0.000000
0.000000
0.000000
0.000000
0.000000
0.000000
0.000000
0.000000
0.000000
0.000000
0.000000
0.000000
0.000000
0.000000
0.000000
0.000000
0.000000
0.000000
0.000000
0.000000
0.000000
0.000000
0.000000
0.000000
0.000000
0.000000
0.000000
0.000000
0.000000
0.000000
0.000000
0.000000
0.000006
0.000013
0.000018
0.000021
0.000020
0.000015
0.000006
-0.000008
-0.000024
-0.000038
-0.000049
-0.000051
-0.000044
-0.000026
-0.000000
0.000022
0.000043
0.000060
0.000067
0.000063
0.000046
0.000017
-0.000023
-0.000069
-0.000110
-0.000136
-0.000140
-0.000118
-0.000069
-0.000000
0.000076
0.000150
0.000207
0.000234
0.000221
0.000163
0.000063
-0.000062
-0.000192
-0.000312
-0.000397
-0.000424
-0.000374
-0.000233
-0.000000
0.000337
0.000748
0.001195
0.001645
0.002058
0.002388
0.002600
0.002666
0.002568
0.002302
0.001874
0.001312
0.000647
-0.000089
-0.000841
-0.001589
-0.002286
-0.002888
-0.003376
-0.003740
-0.003974
-0.004091
-0.004121
-0.004093
-0.004019
-0.003924
-0.003829
-0.003746
-0.003680
-0.003631
-0.003584
-0.003523
-0.003428
-0.003274
-0.003035
-0.002689
-0.002219
-0.001580
-0.000774
0.000163
0.001212
0.002318
0.003443
0.004542
0.005551
0.006495
0.007281
0.007858
0.008206
0.008307
0.008158
0.007772
0.007172
0.006402
0.005494
0.004483
0.003428
0.002356
0.001287
0.000255
-0.000858
-0.001953
-0.003003
-0.004005
-0.004961
-0.005850
-0.006677
-0.007552
-0.008478
-0.009333
-0.010076
-0.010643
-0.010982
-0.011041
-0.010775
-0.010302
-0.009464
-0.008256
-0.006670
-0.004702
-0.002412
0.000169
0.003089
0.006246
0.009475
0.012681
0.015698
0.018446
0.020858
0.022849
0.025073
0.026936
0.028334
0.029204
0.029477
0.029096
0.028045
0.026827
0.025583
0.023767
0.021256
0.017989
0.013872
0.008830
0.002970
-0.002590
-0.008731
-0.015324
-0.022362
-0.029833
-0.037531
-0.045386
-0.053003
-0.060029
-0.066657
-0.072807
-0.078265
-0.082956
-0.086780
-0.089546
-0.091296
-0.091730
-0.090655
-0.087890
-0.083213
-0.076545
-0.067759
-0.057129
-0.044900
-0.030586
-0.014034
0.004495
0.025052
0.047686
0.071856
0.096377
0.122130
0.148536
0.175588
0.203289
0.230995
0.258652
0.285794
0.311616
0.336381
0.359995
0.381836
0.401819
0.419797
0.435228
0.447947
0.457782
0.464324
0.467419
0.466844
0.462446
0.454140
0.442121
0.426670
0.407423
0.384236
0.357548
0.327354
0.293614
0.257143
0.219124
0.178716
0.136849
0.093562
0.048868
0.003810
-0.041534
-0.086611
-0.130198
-0.172646
-0.213883
-0.252922
-0.289714
-0.324143
-0.355330
-0.382812
-0.406763
-0.426537
-0.442071
-0.453216
-0.459643
-0.461350
-0.458419
-0.450960
-0.438866
-0.422082
-0.400996
-0.375701
-0.346236
-0.313392
-0.278389
-0.240436
-0.200452
-0.158520
-0.114681
-0.069991
-0.024568
0.020681
0.064490
0.107564
0.149899
0.190551
0.229530
0.266764
0.301317
0.331227
0.358084
0.381308
0.400969
0.417057
0.429234
0.437534
0.440989
0.439396
0.433756
0.424174
0.411021
0.394491
0.374676
0.352105
0.325598
0.296348
0.265132
0.232079
0.197259
0.161515
0.124893
0.087231
0.049297
0.011220
-0.027025
-0.064619
-0.101610
-0.138040
-0.173148
-0.206301
-0.238313
-0.268642
-0.297490
-0.325032
-0.350834
-0.375071
-0.397138
-0.416614
-0.434441
-0.450847
-0.465700
-0.479226
-0.491584
-0.502612
-0.510935
-0.517974
-0.523734
-0.528370
-0.531992
-0.534605
-0.536257
-0.536572
-0.535411
-0.533081
-0.529527
-0.524768
-0.518741
-0.511337
-0.502612
-0.492848
-0.481438
-0.468440
-0.453668
-0.436896
-0.418309
-0.397760
-0.375747
-0.352671
-0.327687
-0.300533
-0.271591
-0.240688
-0.207654
-0.173148
-0.138715
-0.102850
-0.066235
-0.028774
0.009622
0.048143
0.086789
0.125030
0.161850
0.197687
0.232503
0.265479
0.296578
0.325703
0.352105
0.375762
0.396388
0.413366
0.426582
0.435847
0.440837
0.441517
0.438358
0.431449
0.420218
0.404542
0.384725
0.360800
0.332757
0.301317
0.268375
0.232360
0.194073
0.153540
0.110749
0.066699
0.021495
-0.023862
-0.068119
-0.112051
-0.155596
-0.197702
-0.238287
-0.277198
-0.313392
-0.345395
-0.374272
-0.399283
-0.420382
-0.437442
-0.450013
-0.458085
-0.461212
-0.459303
-0.452782
-0.441640
-0.426183
-0.406527
-0.382703
-0.355330
-0.324467
-0.290282
-0.253630
-0.214616
-0.173289
-0.130644
-0.086776
-0.041934
0.002775
0.047453
0.092036
0.135460
0.177667
0.218563
0.257143
0.292770
0.325942
0.355888
0.382624
0.406106
0.425818
0.441828
0.453844
0.461696
0.465842
0.466369
0.463399
0.457108
0.447601
0.435228
0.419830
0.401882
0.381921
0.360088
0.336468
0.311680
0.285819
0.258979
0.231834
0.204421
0.176791
0.149612
0.122927
0.096796
0.071857
0.048560
0.026510
0.006205
-0.012377
-0.029236
-0.044029
-0.056831
-0.067394
-0.075612
-0.081956
-0.086558
-0.089469
-0.090855
-0.090839
-0.089546
-0.086656
-0.082748
-0.078020
-0.072569
-0.066462
-0.059903
-0.052960
-0.045649
-0.038202
-0.030736
-0.023317
-0.016173
-0.009356
-0.002916
0.002970
0.007973
0.012440
0.016306
0.019623
0.022434
0.024722
0.026531
0.027591
0.027933
0.027905
0.027534
0.026841
0.025830
0.024493
0.022849
0.020328
0.017558
0.014652
0.011662
0.008640
0.005704
0.002903
0.000092
-0.002611
-0.004973
-0.006959
-0.008517
-0.009659
-0.010405
-0.010775
-0.010922
-0.010783
-0.010408
-0.009849
-0.009148
-0.008358
-0.007511
-0.006582
-0.005606
-0.004631
-0.003654
-0.002687
-0.001718
-0.000735
0.000255
0.001382
0.002515
0.003615
0.004665
0.005642
0.006498
0.007205
0.007769
0.008150
0.008296
0.008194
0.007848
0.007273
0.006491
0.005551
0.004490
0.003355
0.002215
0.001111
0.000081
-0.000827
-0.001598
-0.002243
-0.002750
-0.003117
-0.003362
-0.003506
-0.003581
-0.003614
-0.003631
-0.003683
-0.003751
-0.003835
-0.003930
-0.004024
-0.004096
-0.004122
-0.004080
-0.003946
-0.003702
-0.003335
-0.002851
-0.002259
-0.001575
-0.000841
-0.000075
0.000670
0.001339
0.001900
0.002323
0.002582
0.002671
0.002600
0.002387
0.002057
0.001644
0.001194
0.000747
0.000337
0.000000
-0.000248
-0.000398
-0.000453
-0.000425
-0.000334
-0.000207
-0.000067
0.000057
0.000148
0.000201
0.000213
0.000188
0.000136
0.000069
0.000000
-0.000065
-0.000111
-0.000132
-0.000129
-0.000104
-0.000066
-0.000022
0.000021
0.000056
0.000076
0.000081
0.000072
0.000053
0.000027
-0.000000
-0.000018
-0.000031
-0.000036
-0.000034
-0.000026
-0.000016
-0.000005
0.000007
0.000017
0.000023
0.000024
0.000021
0.000015
0.000007
-0.000000
-0.000005
-0.000009
-0.000010
-0.000010
-0.000008
-0.000005
-0.000002
0.000000
0.000000
0.000000
0.000000
0.000000
0.000000
0.000000
0.000000
-0.000000
-0.000000
-0.000000
-0.000000
0.000000
0.000000
0.000000
0.000000
0.000000
0.000000
0.000000
0.000000
0.000000
0.000000
0.000000
0.000000
0.000000
0.000000
0.000000
0.000000
0.000000
0.000000
0.000000
0.000000
0.000000
0.000000
0.000000
0.000000
0.000000
0.000000
0.000000
0.000000
-0.000000
-0.000000
-0.000000
-0.000000
-0.000000
-0.000000
-0.000000
-0.000000
-0.000000
-0.000000
-0.000000
-0.000000
-0.000000
-0.000000
-0.000000
-0.000000
-0.000000
-0.000000
-0.000000
-0.000000
-0.000000
-0.000000
-0.000000
-0.000000
-0.000000
-0.000000
-0.000000
-0.000000
-0.000000
-0.000000
-0.000000
-0.000000
-0.000000
-0.000000
-0.000000
-0.000000
-0.000000
-0.000000
-0.000000
-0.000000
-0.000000
-0.000000
-0.000000
-0.000000
-0.000000
0.000000
0.000000
0.000000
0.000000
0.000000
0.000000
0.000000
0.000000
0.000000
0.000000
0.000000
-0.000000
-0.000000
-0.000000
-0.000000
-0.000000
0.000000
0.000000
0.000000
0.000000
0.000000
0.000000
0.000000
0.000000
0.000000
0.000000
0.000000
0.000000
0.000000
-0.000000
-0.000000
-0.000000
-0.000000
-0.000000
-0.000000
-0.000000
-0.000000
0.000000
0.000000
0.000000
0.000000
0.000000
0.000000
0.000000
0.000000
0.000000
0.000000
0.000000
0.000000
0.000000
0.000000
0.000000
0.000000
0.000000
0.000000
0.000000
0.000000
0.000000
0.000000
0.000000
0.000000
0.000000
0.000000
0.000000
0.000000
0.000000
0.000000
0.000000
0.000000
0.000000
0.000000
-0.000000
-0.000000
-0.000000
-0.000000
-0.000000
-0.000000
-0.000000
-0.000000
-0.000000
-0.000000
0.000000
0.000000
0.000000
0.000000
0.000000
0.000000
0.000000
0.000000
0.000000
0.000000
0.000000
0.000000
0.000000
0.000000
0.000000
0.000000
0.000000
0.000000
0.000000
0.000000
0.000000
0.000000
0.000000
0.000000
0.000000
0.000000
0.000000
0.000000
0.000000
0.000000
-0.000000
-0.000000
-0.000000
-0.000000
-0.000000
-0.000000
-0.000000
-0.000000
-0.000000
-0.000000
0.000000
0.000000
0.000000
0.000000
0.000000
0.000000
0.000000
0.000000
-0.000000
-0.000000
-0.000000
-0.000000
-0.000000
-0.000000
-0.000000
0.000000
0.000000
0.000000
0.000000
-0.000000
-0.000000
-0.000000
-0.000000
-0.000000
-0.000000
-0.000000
-0.000000
-0.000000
-0.000000
-0.000000
0.000000
0.000000
0.000000
0.000000
0.000000
0.000000
0.000000
0.000000
0.000000
0.000000
0.000000
0.000000
0.000000
0.000000
0.000000
0.000000
0.000000
0.000000
0.000000
0.000000
0.000000
0.000000
0.000000
0.000000
0.000000
0.000000
0.000000
0.000000
0.000000
0.000000
0.000000
0.000000
0.000000
0.000000
-0.000000
-0.000000
-0.000000
-0.000000
-0.000000
-0.000000
-0.000000
-0.000000
-0.000000
0.000000
0.000000
0.000000
0.000000
0.000000
0.000000
0.000000
0.000000
0.000000
-0.000000
-0.000000
-0.000000
-0.000000
-0.000000
-0.000000
-0.000000
-0.000000
-0.000000
-0.000000
-0.000000
-0.000000
-0.000000
-0.000000
-0.000000
-0.000000
-0.000000
-0.000000
-0.000000
-0.000000
-0.000000
-0.000000
-0.000000
-0.000000
-0.000000
-0.000000
-0.000000
-0.000000
-0.000000
0.000000
0.000000
0.000000
0.000000
0.000000
0.000000
-0.000000
-0.000000
-0.000000
-0.000000
-0.000000
-0.000000
-0.000000
0.000000
0.000000
0.000000
-0.000000
-0.000000
-0.000000
-0.000000
-0.000000
-0.000000
-0.000000
-0.000000
-0.000000
-0.000000
-0.000000
-0.000000
-0.000000
-0.000000
-0.000000
-0.000000
-0.000000
-0.000000
-0.000000
-0.000000
-0.000000
-0.000000
-0.000000
-0.000000
-0.000000
-0.000000
-0.000000
-0.000000
-0.000000
-0.000000
-0.000000
-0.000000
-0.000000
-0.000000
-0.000000
-0.000000
-0.000000
-0.000000
-0.000000
-0.000000
-0.000000
-0.000000
-0.000000
-0.000000
-0.000000
-0.000000
-0.000000
0.000000
0.000000
0.000000
0.000000
0.000000
0.000000
0.000000
0.000000
0.000000
0.000000
0.000000
0.000000
0.000000
0.000000
0.000000
0.000000
0.000000
0.000000
0.000000
0.000000
0.000000
0.000000
0.000000
0.000000
0.000000
0.000000
0.000000
0.000000
0.000000
0.000000
0.000000
0.000000
0.000000
-0.000000
-0.000000
-0.000000
-0.000000
-0.000000
-0.000000
-0.000000
-0.000000
-0.000000
-0.000000
-0.000000
-0.000000
-0.000000
0.000000
0.000000
0.000000
0.000000
0.000000
0.000000
0.000000
0.000000
0.000000
0.000000
-0.000000
-0.000000
-0.000000
-0.000000
-0.000000
-0.000000
-0.000000
-0.000000
-0.000000
-0.000000
-0.000000
0.000000
0.000000
0.000000
0.000000
0.000000
0.000000
0.000000
0.000000
0.000000
0.000000
0.000000
0.000000
0.000000
0.000000
0.000000
0.000000
0.000000
0.000000
0.000000
0.000000
0.000000
0.000000
0.000000
0.000000
0.000000
0.000000
-0.000000
-0.000000
0.000000
0.000000
0.000000
0.000000
0.000000
0.000000
0.000000
0.000000
0.000000
0.000000
-0.000000
-0.000000
-0.000000
-0.000000
-0.000000
0.000000
0.000000
0.000000
0.000000
0.000000
0.000000
0.000000
0.000000
0.000000
0.000000
0.000000
0.000000
0.000000
0.000000
0.000000
0.000000
0.000000
0.000000
-0.000000
-0.000000
-0.000000
-0.000000
-0.000000
-0.000000
-0.000000
-0.000000
-0.000000
-0.000000
-0.000000
-0.000000
-0.000000
-0.000000
-0.000000
-0.000000
-0.000000
-0.000000
-0.000000
-0.000000
-0.000000
-0.000000
-0.000000
-0.000000
-0.000000
-0.000000
-0.000000
-0.000000
-0.000000
-0.000000
-0.000000
-0.000000
-0.000000
-0.000000
-0.000000
-0.000000
-0.000000
-0.000000
-0.000000
-0.000000
-0.000000
-0.000000
-0.000000
-0.000000
-0.000000
-0.000000
-0.000000
-0.000000
-0.000000
-0.000000
-0.000000
0.000000
0.000000
0.000000
-0.000000
-0.000000
-0.000000
-0.000000
-0.000000
-0.000000
-0.000000
-0.000000
-0.000000
-0.000000
-0.000000
0.000000
0.000000
0.000000
0.000000
0.000000
0.000000
0.000000
0.000000
0.000000
0.000000
0.000000
0.000000
-0.000000
-0.000000
-0.000000
0.000000
0.000000
0.000000
0.000000
0.000000
0.000000
0.000000
0.000000
0.000000
0.000000
0.000000
0.000000
0.000000
0.000000
0.000000
0.000000
0.000000
0.000000
0.000000
0.000000
0.000000
0.000000
0.000000
0.000000
0.000000
0.000000
0.000000
0.000000
0.000000
0.000000
0.000000
0.000000
0.000000
0.000000
0.000000
0.000000
0.000000
0.000000
0.000000
0.000000
-0.000000
-0.000000
-0.000000
-0.000000
-0.000000
-0.000000
-0.000000
-0.000000
-0.000000
0.000000
0.000000
0.000000
0.000000
0.000000
0.000000
0.000000
0.000000
0.000000
0.000000
0.000000
0.000000
0.000000
0.000000
0.000000
0.000000
0.000000
0.000000
0.000000
0.000000
0.000000
0.000000
0.000000
0.000000
0.000000
0.000000
0.000000
-0.000000
-0.000000
-0.000000
-0.000000
-0.000000
-0.000000
-0.000000
-0.000000
-0.000000
-0.000000
-0.000000
0.000000
0.000000
0.000000
0.000000
0.000000
0.000000
0.000000
0.000000
-0.000000
-0.000000
-0.000000
-0.000000
-0.000000
-0.000000
-0.000000
-0.000000
-0.000000
-0.000000
-0.000000
-0.000000
-0.000000
-0.000000
-0.000000
-0.000000
-0.000000
-0.000000
-0.000000
-0.000000
-0.000000
-0.000000
-0.000000
0.000000
0.000000
0.000000
0.000000
0.000000
0.000000
0.000000
0.000000
0.000000
0.000000
0.000000
0.000000
0.000000
0.000000
0.000000
0.000000
0.000000
0.000000
0.000000
0.000000
0.000000
0.000000
0.000000
0.000000
0.000000
0.000000
0.000000
0.000000
0.000000
0.000000
0.000000
0.000000
0.000000
0.000000
0.000000
0.000000
0.000000
0.000000
0.000000
0.000000
0.000000
0.000000
0.000000
0.000000
0.000000
0.000000
0.000000
0.000000
0.000000
0.000000
0.000000
0.000000
0.000000
0.000000
0.000000
0.000000
0.000000
0.000000
0.000000
0.000000
0.000000
0.000000
0.000000
0.000000
0.000000
0.000000
0.000000
0.000000
0.000000
0.000000
0.000000
0.000000
0.000000
0.000000
0.000000
0.000000
0.000000
0.000000
0.000000
0.000000
0.000000
-0.000000
-0.000000
-0.000000
-0.000000
-0.000000
-0.000000
-0.000000
-0.000000
-0.000000
-0.000000
-0.000000
-0.000000
-0.000000
-0.000000
-0.000000
-0.000000
-0.000000
-0.000000
-0.000000
-0.000000
-0.000000
-0.000000
-0.000000
-0.000000
-0.000000
-0.000000
-0.000000
-0.000000
-0.000000
-0.000000
-0.000000
-0.000000
-0.000000
-0.000000
-0.000000
-0.000000
-0.000000
-0.000000
-0.000000
-0.000000
-0.000000
-0.000000
-0.000000
-0.000000
-0.000000
-0.000000
-0.000000
-0.000000
-0.000000
-0.000000
-0.000000
-0.000000
-0.000000
-0.000000
-0.000000
0.000000
0.000000
0.000000
0.000000
0.000000
0.000000
0.000000
0.000000
0.000000
0.000000
0.000000
0.000000
0.000000
0.000000
0.000000
0.000000
0.000000
0.000000
0.000000
0.000000
0.000000
0.000000
0.000000
0.000000
0.000000
0.000000
0.000000
0.000000
0.000000
0.000000
0.000000
0.000000
0.000000
0.000000
0.000000
0.000000
0.000000
0.000000
0.000000
0.000000
0.000000
0.000000
0.000000
0.000000
0.000000
0.000000
0.000000
0.000000
0.000000
0.000000
0.000000
0.000000
0.000000
0.000000
0.000000
0.000000
-0.000000
-0.000000
-0.000000
-0.000000
0.000000
0.000000
0.000000
0.000000
0.000000
0.000000
0.000000
0.000000
0.000000
0.000000
-0.000000
-0.000000
-0.000000
-0.000000
-0.000000
-0.000000
-0.000000
-0.000000
-0.000000
-0.000000
-0.000000
-0.000000
-0.000000
-0.000000
-0.000000
-0.000000
-0.000000
-0.000000
-0.000000
-0.000000
-0.000000
-0.000000
-0.000000
-0.000000
-0.000000
-0.000000
-0.000000
-0.000000
-0.000000
-0.000000
-0.000000
-0.000000
-0.000000
-0.000000
-0.000000
-0.000000
-0.000000
0.000000
0.000000
0.000000
0.000000
0.000000
0.000000
0.000000
0.000000
0.000000
0.000000
0.000000
0.000000
0.000000
-0.000000
-0.000000
-0.000000
-0.000000
-0.000000
-0.000000
-0.000000
-0.000000
-0.000000
-0.000000
-0.000000
-0.000000
0.000000
0.000000
0.000000
0.000000
0.000000
0.000000
0.000000
0.000000
-0.000000
-0.000000
-0.000000
-0.000000
-0.000000
-0.000000
-0.000000
-0.000000
-0.000000
-0.000000
-0.000000
-0.000000
-0.000000
-0.000000
-0.000000
-0.000000
-0.000000
-0.000000
-0.000000
-0.000000
-0.000000
-0.000000
-0.000000
-0.000000
-0.000000
-0.000000
-0.000000
-0.000000
-0.000000
-0.000000
-0.000000
-0.000000
-0.000000
-0.000000
-0.000000
-0.000000
-0.000000
-0.000000
-0.000000
-0.000000
-0.000000
-0.000000
-0.000000
-0.000000
-0.000000
-0.000000
-0.000000
-0.000000
-0.000000
-0.000000
-0.000000
-0.000000
-0.000000
-0.000000
-0.000000
-0.000000
-0.000000
-0.000000
-0.000000
-0.000000
-0.000000
-0.000000
-0.000000
-0.000000
-0.000000
-0.000000
-0.000000
-0.000000
-0.000000
-0.000000
-0.000000
-0.000000
-0.000000
-0.000000
-0.000000
0.000000
0.000006
0.000013
0.000018
0.000021
0.000020
0.000015
0.000006
-0.000008
-0.000024
-0.000038
-0.000049
-0.000051
-0.000044
-0.000026
-0.000000
0.000022
0.000043
0.000060
0.000068
0.000063
0.000046
0.000018
-0.000023
-0.000069
-0.000110
-0.000136
-0.000140
-0.000118
-0.000069
-0.000000
0.000088
0.000175
0.000243
0.000276
0.000261
0.000193
0.000075
-0.000078
-0.000240
-0.000389
-0.000495
-0.000527
-0.000462
-0.000286
0.000000
0.000381
0.000834
0.001315
0.001780
0.002184
0.002480
0.002635
0.002620
0.002429
0.002082
0.001602
0.001033
0.000411
-0.000227
-0.000841
-0.001425
-0.001961
-0.002438
-0.002866
-0.003259
-0.003619
-0.003953
-0.004261
-0.004524
-0.004719
-0.004816
-0.004779
-0.004582
-0.004200
-0.003631
-0.002866
-0.001941
-0.000919
0.000150
0.001208
0.002178
0.003016
0.003707
0.004223
0.004547
0.004688
0.004663
0.004501
0.004226
0.003869
0.003468
0.003009
0.002497
0.001922
0.001267
0.000534
-0.000284
-0.001195
-0.002168
-0.003168
-0.004159
-0.005078
-0.005884
-0.006541
-0.007008
-0.007352
-0.007504
-0.007469
-0.007265
-0.006914
-0.006453
-0.005915
-0.005379
-0.004891
-0.004403
-0.003904
-0.003382
-0.002804
-0.002134
-0.001355
-0.000491
0.000525
0.001685
0.002989
0.004430
0.005955
0.007532
0.009191
0.010864
0.012423
0.013799
0.014896
0.015665
0.016071
0.016097
0.016188
0.015983
0.015472
0.014644
0.013485
0.012018
0.010254
0.008564
0.007078
0.005426
0.003528
0.001340
-0.001208
-0.004168
-0.007478
-0.010179
-0.013047
-0.016047
-0.019207
-0.022543
-0.025979
-0.029479
-0.032510
-0.034828
-0.036874
-0.038674
-0.040218
-0.041530
-0.042596
-0.043337
-0.042780
-0.041591
-0.039754
-0.037223
-0.033929
-0.029868
-0.024951
-0.018670
-0.010967
-0.002158
0.007782
0.018628
0.030360
0.042988
0.056248
0.070923
0.086391
0.102276
0.118545
0.135182
0.151821
0.168494
0.185687
0.203186
0.220616
0.237959
0.254801
0.271125
0.286914
0.301835
0.316937
0.331357
0.344699
0.356896
0.367857
0.377284
0.385182
0.392088
0.398031
0.402553
0.405633
0.407206
0.407319
0.406016
0.403434
0.400646
0.396970
0.392550
0.387447
0.381701
0.375491
0.368885
0.362236
0.355835
0.349478
0.343208
0.337210
0.331532
0.326236
0.321508
0.317505
0.314237
0.311866
0.310469
0.310141
0.310953
0.312935
0.315909
0.319756
0.324668
0.330667
0.337614
0.345469
0.354179
0.363447
0.372242
0.381247
0.390218
0.399120
0.407918
0.416367
0.424397
0.431244
0.436539
0.440893
0.444311
0.446725
0.448135
0.448471
0.447607
0.443752
0.438259
0.431217
0.422614
0.412393
0.400729
0.387548
0.371844
0.353739
0.334079
0.312889
0.290689
0.267521
0.243369
0.218711
0.191953
0.164401
0.136650
0.108667
0.080394
0.052390
0.024553
-0.003690
-0.031860
-0.059612
-0.087026
-0.113587
-0.139411
-0.164611
-0.188757
-0.212143
-0.234733
-0.256222
-0.276851
-0.296850
-0.316002
-0.334523
-0.352368
-0.369171
-0.385286
-0.400886
-0.415790
-0.430146
-0.444050
-0.457244
-0.469191
-0.480264
-0.490266
-0.499267
-0.507313
-0.514268
-0.520164
-0.524929
-0.528309
-0.530284
-0.530787
-0.529749
-0.527111
-0.522763
-0.516692
-0.509360
-0.499938
-0.488415
-0.474591
-0.458223
-0.439483
-0.418239
-0.394929
-0.370020
-0.342801
-0.313080
-0.281380
-0.247609
-0.211671
-0.174350
-0.136987
-0.098367
-0.059266
-0.019608
0.020683
0.060749
0.100590
0.139721
0.177092
0.213069
0.247597
0.279852
0.309799
0.337341
0.361779
0.383015
0.400902
0.414962
0.425175
0.431452
0.433628
0.431751
0.426234
0.417248
0.404381
0.387554
0.367113
0.343092
0.315478
0.284961
0.253238
0.218870
0.182604
0.144445
0.104370
0.063305
0.021341
-0.020450
-0.060899
-0.100917
-0.140516
-0.178824
-0.215847
-0.251526
-0.284961
-0.314110
-0.340668
-0.364069
-0.384375
-0.401573
-0.415281
-0.425503
-0.431846
-0.434074
-0.432376
-0.426553
-0.416585
-0.402414
-0.383977
-0.361779
-0.335854
-0.306740
-0.275495
-0.242550
-0.208224
-0.173478
-0.138315
-0.102588
-0.066657
-0.029863
0.008434
0.047922
0.088928
0.131498
0.174350
0.216336
0.257023
0.294483
0.327811
0.356297
0.379123
0.396764
0.409927
0.419954
0.429169
0.439663
0.453029
0.470462
0.492361
0.517533
0.543782
0.568765
0.588535
0.599524
0.598206
0.581945
0.549400
0.500317
0.437258
0.363262
0.282261
0.200750
0.123516
0.054970
0.000000
-0.039184
-0.062376
-0.070186
-0.065231
-0.050802
-0.031103
-0.010019
0.009394
0.024201
0.032743
0.034654
0.030613
0.022170
0.011214
0.000000
-0.009236
-0.015709
-0.018648
-0.018104
-0.014611
-0.009203
-0.003031
0.002884
0.007515
0.010241
0.010874
0.009601
0.006924
0.003475
0.000000
-0.003153
-0.005325
-0.006275
-0.006048
-0.004848
-0.003037
-0.000996
0.000653
0.001646
0.002153
0.002175
0.001807
0.001209
0.000552
0.000000
-0.001016
-0.001699
-0.001999
-0.001943
-0.001589
-0.001029
-0.000354
0.000000
0.000000
0.000000
0.000000
0.000000
0.000000
0.000000
0.000000
0.000000
0.000000
0.000000
0.000000
0.000000
0.000000
0.000000
0.000000
0.000000
0.000000
0.000000
0.000000
0.000000
0.000000
0.000000
0.000000
0.000000
0.000000
0.000000
0.000000
0.000000
0.000000
0.000000
0.000000
0.000000
0.000000
0.000000
0.000000
0.000000
0.000000
0.000000
0.000000
0.000000
0.000000
0.000000
0.000000
0.000000
0.000000
0.000000
0.000000
0.000000
0.000000
0.000000
0.000000
0.000000
0.000000
0.000000
0.000000
0.000000
0.000000
0.000000
0.000000
0.000000
0.000000
0.000000
0.000000
0.000000
0.000000
0.000000
0.000000
0.000000
0.000000
0.000000
0.000000
0.000000
0.000000
0.000000
0.000000
0.000000
0.000000
0.000000
0.000000
0.000000
0.000000
0.000000
0.000000
0.000000
0.000000
0.000000
0.000000
0.000000
0.000000
0.000000
0.000000
0.000000
0.000000
0.000000
0.000000
0.000000
0.000000
0.000000
0.000000
0.000000
0.000000
0.000000
0.000000
0.000000
0.000000
0.000000
0.000000
0.000000
0.000000
0.000000
0.000000
0.000000
0.000000
0.000000
0.000000
0.000000
0.000000
0.000000
0.000000
0.000000
0.000000
0.000000
0.000000
0.000000
0.000000
0.000000
0.000000
0.000000
0.000000
0.000000
0.000000
0.000000
0.000000
0.000000
0.000000
0.000000
0.000000
0.000000
0.000000
0.000000
0.000000
0.000000
0.000000
0.000000
0.000000
0.000000
0.000000
0.000000
0.000000
0.000000
0.000000
0.000000
0.000000
0.000000
0.000000
0.000000
0.000000
0.000000
0.000000
0.000000
0.000000
0.000000
0.000000
0.000000
0.000000
0.000000
0.000000
0.000000
0.000000
0.000000
0.000000
0.000000
0.000000
0.000000
0.000000
0.000000
0.000000
0.000000
0.000000
0.000000
0.000000
0.000000
0.000000
0.000000
0.000000
0.000000
0.000000
0.000000
0.000000
0.000000
0.000000
0.000000
0.000000
0.000000
0.000000
0.000000
0.000000
0.000000
0.000000
0.000000
0.000000
0.000000
0.000000
0.000000
0.000000
0.000000
0.000000
0.000000
0.000000
0.000000
0.000000
0.000000
0.000000
0.000000
0.000000
0.000000
0.000000
0.000000
0.000000
0.000000
0.000000
0.000000
0.000000
0.000000
0.000000
0.000000
0.000000
0.000000
0.000000
0.000000
0.000000
0.000000
0.000000
0.000000
0.000000
0.000000
0.000000
0.000000
0.000000
0.000000
0.000000
0.000000
0.000000
0.000000
0.000000
0.000000
0.000000
0.000000
0.000000
0.000000
0.000000
0.000000
0.000000
0.000000
0.000000
0.000000
0.000000
0.000000
0.000000
0.000000
0.000000
0.000000
0.000000
0.000000
0.000000
0.000000
0.000000
0.000000
0.000000
0.000000
0.000000
0.000000
0.000000
0.000000
0.000000
0.000000
0.000000
0.000000
0.000000
0.000000
0.000000
0.000000
0.000000
0.000000
0.000000
0.000000
0.000000
0.000000
0.000000
0.000000
0.000000
0.000000
0.000000
0.000000
0.000000
0.000000
0.000000
0.000000
0.000000
0.000000
0.000000
0.000000
0.000000
0.000000
0.000000
0.000000
0.000000
0.000000
0.000000
0.000000
0.000000
0.000000
0.000000
0.000000
0.000000
0.000000
0.000000
0.000000
0.000000
0.000000
0.000000
0.000000
0.000000
0.000000
0.000000
0.000000
0.000000
0.000000
0.000000
0.000000
0.000000
0.000000
0.000000
0.000000
0.000000
0.000000
0.000000
0.000000
0.000000
0.000000
0.000000
0.000000
0.000000
0.000000
0.000000
0.000000
0.000000
0.000000
0.000000
0.000000
0.000000
0.000000
0.000000
0.000000
0.000000
0.000000
0.000000
0.000000
0.000000
0.000000
0.000000
0.000000
0.000000
0.000000
0.000000
0.000000
0.000000
0.000000
0.000000
0.000000
0.000000
0.000000
0.000000
0.000000
0.000000
0.000000
0.000000
0.000000
0.000000
0.000000
0.000000
0.000000
0.000000
0.000000
0.000000
0.000000
0.000000
0.000000
0.000000
0.000000
0.000000
0.000000
0.000000
0.000000
0.000000
0.000000
0.000000
0.000000
0.000000
0.000000
0.000000
0.000000
0.000000
0.000000
0.000000
0.000000
0.000000
0.000000
0.000000
0.000000
0.000000
0.000000
0.000000
0.000000
0.000000
0.000000
0.000000
0.000000
0.000000
0.000000
0.000000
0.000000
0.000000
0.000000
0.000000
0.000000
