-0.001255
-0.000164
-0.000057
-0.000115
0.000036
0.000038
0.000152
0.000121
-0.000192
-0.000096
0.000174
0.000122
0.000057
-0.000052
-0.000198
-0.000050
0.000066
-0.000095
-0.000162
-0.000060
-0.000033
-0.000139
-0.000139
0.000037
0.000047
-0.000024
0.000127
0.000149
-0.000074
-0.000128
0.000002
0.000141
0.000156
0.000048
0.000077
-0.000001
-0.000392
-0.000398
0.000026
0.000144
0.000057
0.000104
0.000146
0.000116
0.000027
0.000008
0.000065
-0.000072
-0.000154
0.000019
-0.000034
-0.000217
-0.000115
-0.000042
-0.000111
-0.000041
0.000081
0.000029
-0.000209
-0.000285
0.000046
0.000280
0.000133
-0.000012
-0.000088
-0.000130
-0.000062
-0.000105
-0.000177
0.000002
0.000191
0.000181
0.000004
-0.000217
-0.000187
0.000039
0.000190
0.000203
-0.000090
-0.000385
-0.000137
0.000084
-0.000117
-0.000069
0.000149
0.000077
0.000073
0.000147
0.000013
-0.000057
0.000044
0.000152
0.000170
-0.000033
-0.000163
0.000055
0.000184
0.000097
0.000147
0.000149
-0.000077
-0.000138
0.000089
0.000232
0.000098
-0.000089
-0.000129
-0.000125
-0.000084
0.000107
0.000242
0.000105
-0.000130
-0.000253
-0.000182
0.000021
0.000137
0.000125
0.000114
0.000139
0.000223
0.000238
0.000014
-0.000189
-0.000108
0.000090
0.000235
0.000182
-0.000104
-0.000221
-0.000053
0.000004
-0.000050
-0.000005
0.000065
0.000141
0.000164
0.000047
-0.000014
0.000025
0.000064
0.000167
0.000152
-0.000105
-0.000267
-0.000234
-0.000120
0.000122
0.000306
0.000274
0.000124
-0.000152
-0.000392
-0.000331
-0.000109
0.000105
0.000205
0.000061
-0.000091
-0.000133
-0.000226
-0.000100
0.000299
0.000349
-0.000051
-0.000339
-0.000268
-0.000054
0.000062
0.000097
0.000101
0.000030
0.000027
0.000094
0.000084
0.000174
0.000189
-0.000221
-0.000431
-0.000141
-0.000030
-0.000010
0.000193
0.000037
-0.000276
-0.000153
-0.000005
-0.000017
0.000183
0.000286
0.000039
-0.000074
0.000065
0.000086
0.000032
0.000123
0.000156
-0.000015
-0.000099
0.000057
0.000202
0.000123
-0.000053
-0.000047
0.000064
-0.000018
-0.000121
-0.000019
0.000037
-0.000038
-0.000109
-0.000188
-0.000158
-0.000017
0.000043
0.000100
0.000046
-0.000209
-0.000156
0.000091
-0.000075
-0.000219
-0.000088
-0.000196
-0.000198
0.000094
-0.000216
-0.001012
-0.001346
-0.001322
-0.001457
-0.001833
-0.002223
-0.002278
-0.002255
-0.002480
-0.002474
-0.002318
-0.002590
-0.002730
-0.002370
-0.002257
-0.002404
-0.002279
-0.001952
-0.001514
-0.001200
-0.001332
-0.001413
-0.001072
-0.000748
-0.000517
-0.000149
0.000168
0.000291
0.000471
0.000915
0.001274
0.001246
0.001382
0.001841
0.001931
0.001818
0.001968
0.002035
0.002158
0.002661
0.002927
0.002650
0.002246
0.002034
0.002164
0.002338
0.002259
0.002094
0.001668
0.001119
0.001162
0.001342
0.000993
0.000696
0.000597
0.000300
-0.000027
-0.000401
-0.000819
-0.000947
-0.001044
-0.001316
-0.001386
-0.001335
-0.001529
-0.001955
-0.002352
-0.002382
-0.002170
-0.002216
-0.002498
-0.002681
-0.002720
-0.002659
-0.002433
-0.002117
-0.002000
-0.001972
-0.001630
-0.001350
-0.001451
-0.001254
-0.000755
-0.000697
-0.000766
-0.000434
-0.000074
0.000038
0.000191
0.000621
0.001038
0.001159
0.001347
0.001669
0.001780
0.001939
0.002166
0.002150
0.002344
0.002716
0.002612
0.002397
0.002498
0.002550
0.002388
0.002077
0.001840
0.001849
0.001810
0.001727
0.001663
0.001265
0.000832
0.000705
0.000638
0.000694
0.000564
-0.000063
-0.000441
-0.000589
-0.000945
-0.000925
-0.000972
-0.001721
-0.002127
-0.002072
-0.002188
-0.002029
-0.001922
-0.002313
-0.002403
-0.002229
-0.002272
-0.002330
-0.002497
-0.002424
-0.001841
-0.001766
-0.002120
-0.001859
-0.001467
-0.001378
-0.001122
-0.000836
-0.000644
-0.000366
-0.000163
0.000004
0.000210
0.000394
0.000779
0.001232
0.001410
0.001502
0.001517
0.001443
0.001767
0.002279
0.002333
0.002240
0.002306
0.002252
0.002278
0.002492
0.002442
0.002251
0.002144
0.001799
0.001557
0.001861
0.002047
0.001707
0.001229
0.000771
0.000385
0.000167
0.000181
0.000412
0.000242
-0.000452
-0.000820
-0.001056
-0.001556
-0.001495
-0.001099
-0.001275
-0.001564
-0.001855
-0.002493
-0.002809
-0.002562
-0.002255
-0.002038
-0.002091
-0.002450
-0.002745
-0.002627
-0.002025
-0.001602
-0.001658
-0.001499
-0.001404
-0.001735
-0.001505
-0.000849
-0.000551
-0.000107
0.000269
0.000037
-0.000028
0.000311
0.000706
0.001237
0.001610
0.001740
0.001871
0.001872
0.001910
0.002075
0.002173
0.002473
0.002758
0.002585
0.002290
0.001994
0.001865
0.002193
0.002370
0.002258
0.002146
0.001639
0.001219
0.001397
0.001388
0.001148
0.000907
0.000364
-0.000017
-0.000213
-0.000517
-0.000466
-0.000618
-0.001238
-0.001386
-0.001641
-0.002187
-0.001878
-0.001594
-0.001995
-0.002071
-0.002255
-0.002813
-0.002857
-0.002632
-0.002381
-0.002094
-0.002183
-0.002202
-0.002097
-0.002254
-0.001967
-0.001494
-0.001537
-0.001380
-0.001163
-0.001210
-0.000713
-0.000115
0.000081
0.000554
0.000949
0.000896
0.000921
0.001012
0.001253
0.001673
0.001800
0.001856
0.002000
0.002034
0.002277
0.002541
0.002472
0.002396
0.002283
0.002146
0.002156
0.002024
0.002023
0.002315
0.002218
0.001766
0.001329
0.001013
0.001048
0.000889
0.000380
0.000383
0.000374
-0.000300
-0.000772
-0.000925
-0.001066
-0.000923
-0.001020
-0.001621
-0.001933
-0.001908
-0.002056
-0.002225
-0.002110
-0.002094
-0.002531
-0.002762
-0.002544
-0.002520
-0.002396
-0.002008
-0.002035
-0.002136
-0.002019
-0.001979
-0.001609
-0.001168
-0.001019
-0.000607
-0.000484
-0.000873
-0.000703
-0.000215
0.000361
0.001148
0.001158
0.000941
0.001317
0.001189
0.001211
0.002160
0.002304
0.001654
0.001529
0.001700
0.001919
0.002021
0.002212
0.002903
0.003026
0.002642
0.002827
0.002724
0.002296
0.002116
0.001551
0.001597
0.002465
0.002555
0.002587
0.002455
0.001049
0.000238
0.000187
-0.000491
-0.000765
-0.000949
-0.001251
-0.000307
0.000232
-0.000441
-0.000760
-0.001361
-0.001913
-0.001695
-0.002111
-0.002277
-0.001856
-0.002513
-0.002822
-0.002406
-0.002548
-0.002182
-0.002377
-0.004216
-0.005920
-0.007946
-0.009678
-0.009322
-0.008304
-0.005318
0.001162
0.009209
0.020602
0.035549
0.051431
0.070306
0.089660
0.105110
0.119944
0.131920
0.137593
0.141132
0.136560
0.114977
0.080800
0.037562
-0.015026
-0.074699
-0.136840
-0.196589
-0.265203
-0.350019
-0.426395
-0.492306
-0.574021
-0.650426
-0.694182
-0.728469
-0.758497
-0.766637
-0.763605
-0.752002
-0.719341
-0.673851
-0.621166
-0.557264
-0.487674
-0.415402
-0.341039
-0.267632
-0.195661
-0.132514
-0.083632
-0.044264
-0.017042
-0.004904
-0.003276
-0.013265
-0.035026
-0.067017
-0.111217
-0.163215
-0.224033
-0.298669
-0.375295
-0.449470
-0.528274
-0.601233
-0.664203
-0.724757
-0.771968
-0.802928
-0.828753
-0.839437
-0.829044
-0.810965
-0.782797
-0.734965
-0.672934
-0.603612
-0.528807
-0.451663
-0.378408
-0.305679
-0.216652
-0.115910
-0.027337
0.053115
0.137431
0.214985
0.284198
0.348673
0.399320
0.442458
0.487402
0.523483
0.552505
0.584312
0.607504
0.616727
0.623909
0.628772
0.623849
0.612786
0.598719
0.576508
0.546470
0.514906
0.477501
0.430465
0.386608
0.346137
0.292182
0.231283
0.175117
0.109468
0.034088
-0.032377
-0.094591
-0.159727
-0.215979
-0.265446
-0.320484
-0.375529
-0.421655
-0.462435
-0.502800
-0.540261
-0.570438
-0.595013
-0.614995
-0.627163
-0.635391
-0.641817
-0.638927
-0.628656
-0.615314
-0.593400
-0.568681
-0.543331
-0.497667
-0.434103
-0.375183
-0.315267
-0.245068
-0.171726
-0.086474
0.014706
0.108836
0.190367
0.277127
0.370652
0.459953
0.542128
0.618046
0.684809
0.737472
0.773928
0.793253
0.794036
0.780136
0.754836
0.713784
0.657244
0.591387
0.516109
0.431724
0.346439
0.266316
0.191410
0.123365
0.066543
0.021765
-0.012029
-0.031863
-0.036296
-0.027283
-0.002872
0.036319
0.085115
0.147153
0.226913
0.315897
0.405176
0.494405
0.583887
0.667263
0.733621
0.782986
0.823886
0.848998
0.847508
0.828801
0.798893
0.747949
0.676713
0.596668
0.510010
0.415065
0.318839
0.231458
0.155564
0.090702
0.040936
0.007453
-0.012147
-0.015475
-0.002799
0.022491
0.064773
0.126146
0.201232
0.287487
0.379784
0.472554
0.567183
0.655251
0.725922
0.786641
0.837048
0.863970
0.872759
0.867437
0.836617
0.786875
0.727575
0.649053
0.557646
0.468677
0.375538
0.278861
0.194155
0.123249
0.065132
0.023335
-0.003799
-0.013562
-0.006100
0.011770
0.045927
0.097952
0.156961
0.229482
0.319456
0.408267
0.493538
0.582728
0.661569
0.722411
0.774009
0.813121
0.831840
0.832529
0.818095
0.786832
0.738753
0.679737
0.611670
0.530711
0.444903
0.363312
0.280109
0.199599
0.134861
0.082411
0.040649
0.016036
0.004078
0.003215
0.017409
0.043155
0.083012
0.138913
0.201132
0.270047
0.347916
0.425421
0.505133
0.589809
0.666040
0.734638
0.801685
0.852495
0.882713
0.903635
0.911923
0.904448
0.887862
0.856988
0.805795
0.741091
0.665573
0.577518
0.482560
0.387724
0.294999
0.202762
0.109633
0.014285
-0.088612
-0.194534
-0.284276
-0.356893
-0.427054
-0.486061
-0.523880
-0.555540
-0.583897
-0.597498
-0.601117
-0.596383
-0.575471
-0.544241
-0.508069
-0.463610
-0.414698
-0.364028
-0.309916
-0.255848
-0.203138
-0.152439
-0.108141
-0.069570
-0.036423
-0.011853
0.005105
0.013186
0.011592
0.005212
-0.009054
-0.035413
-0.068237
-0.108270
-0.158877
-0.214431
-0.274548
-0.341345
-0.409130
-0.475767
-0.541093
-0.601643
-0.659097
-0.712834
-0.755230
-0.785541
-0.807203
-0.818012
-0.816509
-0.804248
-0.778791
-0.735384
-0.676362
-0.609868
-0.538038
-0.456258
-0.360326
-0.252800
-0.150759
-0.066143
0.022080
0.134125
0.250677
0.349143
0.433482
0.508257
0.569367
0.616686
0.649889
0.666779
0.670081
0.662400
0.640292
0.602143
0.552899
0.494962
0.427999
0.357943
0.289459
0.220553
0.153715
0.093685
0.040829
-0.002302
-0.034073
-0.057082
-0.070346
-0.071972
-0.060549
-0.033337
0.004915
0.051998
0.117159
0.194965
0.269264
0.344293
0.423911
0.494024
0.553164
0.610334
0.659218
0.692274
0.713113
0.722156
0.714390
0.689457
0.652258
0.604812
0.545926
0.479667
0.409922
0.335339
0.262006
0.197566
0.138655
0.086444
0.046917
0.016998
-0.002311
-0.006517
-0.000242
0.017552
0.049444
0.086699
0.131968
0.194976
0.268021
0.344506
0.424697
0.500850
0.572970
0.646557
0.713779
0.769940
0.818966
0.858307
0.883358
0.892407
0.888756
0.876554
0.846664
0.796762
0.740967
0.672760
0.583393
0.495404
0.413402
0.318096
0.219121
0.126604
0.024432
-0.086268
-0.189324
-0.279889
-0.355406
-0.423227
-0.494393
-0.556203
-0.599037
-0.633685
-0.654304
-0.648326
-0.627922
-0.600987
-0.558564
-0.504069
-0.445241
-0.378223
-0.305145
-0.233989
-0.165754
-0.102572
-0.047407
0.001523
0.042053
0.071180
0.089889
0.094802
0.084269
0.061408
0.022987
-0.030611
-0.091371
-0.161110
-0.242373
-0.327586
-0.414467
-0.502421
-0.583450
-0.652830
-0.707636
-0.745366
-0.769950
-0.779348
-0.766888
-0.736782
-0.691931
-0.629522
-0.555091
-0.473201
-0.383480
-0.292993
-0.208465
-0.132085
-0.068090
-0.015877
0.025168
0.049541
0.059795
0.057880
0.036080
-0.000050
-0.045454
-0.116063
-0.206326
-0.290552
-0.378441
-0.483578
-0.580426
-0.654655
-0.719086
-0.771834
-0.805596
-0.823463
-0.822006
-0.798242
-0.757475
-0.700403
-0.626828
-0.541955
-0.450414
-0.356231
-0.264632
-0.181436
-0.110031
-0.049345
-0.001080
0.031547
0.049507
0.050321
0.032881
0.002635
-0.042684
-0.104608
-0.175532
-0.257792
-0.351603
-0.444125
-0.535957
-0.626042
-0.695203
-0.746080
-0.792941
-0.822346
-0.826852
-0.819548
-0.795880
-0.746771
-0.683929
-0.614314
-0.532292
-0.441978
-0.352562
-0.265032
-0.182600
-0.113404
-0.058160
-0.015779
0.010654
0.023807
0.025397
0.010743
-0.017483
-0.057584
-0.115647
-0.187564
-0.268489
-0.361545
-0.456044
-0.541150
-0.624642
-0.705623
-0.773843
-0.832088
-0.880074
-0.908839
-0.921534
-0.925373
-0.915410
-0.886922
-0.845409
-0.794408
-0.732472
-0.664834
-0.595096
-0.516760
-0.432144
-0.349687
-0.265270
-0.180350
-0.107587
-0.044655
0.016911
0.073722
0.126988
0.184362
0.242047
0.292332
0.337664
0.379619
0.413439
0.444171
0.479552
0.511919
0.538837
0.569276
0.596940
0.614344
0.628649
0.638174
0.637120
0.628114
0.611462
0.590260
0.561633
0.512952
0.455117
0.400604
0.334121
0.257958
0.182028
0.088513
-0.015571
-0.104177
-0.189733
-0.278547
-0.350351
-0.410981
-0.473111
-0.526032
-0.562823
-0.583776
-0.589144
-0.584649
-0.570125
-0.541014
-0.500653
-0.453120
-0.399484
-0.341715
-0.282327
-0.223872
-0.167066
-0.113789
-0.067940
-0.029091
0.002740
0.025386
0.040507
0.045731
0.038492
0.025565
0.004953
-0.032282
-0.079232
-0.129597
-0.188954
-0.253744
-0.319701
-0.393514
-0.470659
-0.540755
-0.609231
-0.677019
-0.732829
-0.779068
-0.821359
-0.851509
-0.868609
-0.876581
-0.869769
-0.850651
-0.822330
-0.774850
-0.713660
-0.653820
-0.590072
-0.513882
-0.424837
-0.325724
-0.225347
-0.122401
-0.015848
0.078674
0.166681
0.258876
0.332121
0.389203
0.458668
0.520634
0.553427
0.574089
0.580831
0.565120
0.539130
0.501488
0.449167
0.392187
0.328820
0.259125
0.192223
0.127321
0.065479
0.011333
-0.038492
-0.082011
-0.112610
-0.131408
-0.139104
-0.131421
-0.108612
-0.078694
-0.043187
0.006613
0.069873
0.143388
0.231300
0.318955
0.392011
0.465101
0.536814
0.589115
0.631490
0.667306
0.680800
0.677934
0.665281
0.633390
0.586556
0.531568
0.464704
0.389740
0.314009
0.240923
0.173497
0.112637
0.059748
0.015867
-0.018093
-0.037504
-0.043272
-0.039111
-0.022835
0.004028
0.041973
0.097078
0.165696
0.245502
0.335560
0.419303
0.494909
0.579956
0.665764
0.734156
0.791286
0.841378
0.876889
0.897830
0.907826
0.904313
0.883772
0.850746
0.809936
0.757343
0.697226
0.635721
0.560449
0.473350
0.396333
0.324350
0.243607
0.161898
0.080172
-0.001970
-0.072449
-0.136323
-0.203048
-0.261409
-0.308502
-0.355581
-0.404118
-0.450257
-0.491059
-0.523359
-0.548970
-0.570123
-0.586279
-0.597349
-0.601726
-0.600119
-0.594369
-0.579383
-0.555043
-0.529553
-0.500324
-0.463117
-0.424682
-0.380743
-0.323343
-0.265383
-0.210530
-0.144780
-0.078147
-0.023440
0.035624
0.100342
0.156795
0.218665
0.290718
0.349256
0.394600
0.443553
0.491533
0.533241
0.573909
0.613592
0.648930
0.677326
0.699228
0.716077
0.723905
0.723362
0.716695
0.697745
0.672895
0.649248
0.605263
0.536033
0.469701
0.404001
0.319746
0.233495
0.155504
0.065244
-0.037293
-0.133540
-0.226129
-0.320345
-0.401047
-0.457759
-0.498932
-0.532287
-0.556536
-0.567956
-0.561100
-0.535797
-0.499846
-0.453427
-0.392406
-0.323945
-0.254300
-0.182743
-0.113982
-0.050636
0.009428
0.061113
0.101724
0.134852
0.157860
0.167493
0.161404
0.135623
0.099395
0.061567
0.008320
-0.067396
-0.150017
-0.233250
-0.323319
-0.414134
-0.489515
-0.544928
-0.591244
-0.631686
-0.656501
-0.665155
-0.660453
-0.636746
-0.597307
-0.547952
-0.484429
-0.411709
-0.338668
-0.263602
-0.190481
-0.125318
-0.066463
-0.016753
0.022350
0.051822
0.066077
0.068390
0.063379
0.041372
0.003321
-0.043612
-0.106771
-0.181626
-0.255375
-0.337661
-0.434211
-0.526517
-0.603621
-0.675237
-0.746241
-0.803861
-0.843490
-0.876875
-0.900320
-0.904509
-0.898857
-0.882478
-0.848278
-0.808137
-0.760457
-0.696852
-0.632848
-0.566692
-0.482740
-0.398383
-0.325599
-0.251201
-0.180019
-0.117911
-0.048090
0.034791
0.116724
0.188234
0.248466
0.297700
0.338759
0.382229
0.431605
0.473650
0.504578
0.533403
0.557537
0.573295
0.586552
0.596594
0.597930
0.591204
0.579802
0.562897
0.537211
0.507984
0.478640
0.438847
0.390548
0.343506
0.286351
0.219393
0.162411
0.106915
0.040232
-0.022506
-0.080241
-0.145216
-0.210657
-0.273475
-0.339411
-0.399937
-0.449397
-0.497370
-0.546974
-0.592240
-0.632280
-0.667792
-0.695136
-0.713960
-0.728408
-0.737768
-0.736866
-0.723847
-0.701416
-0.671554
-0.633177
-0.588108
-0.537925
-0.477653
-0.409337
-0.337566
-0.253554
-0.160634
-0.072758
0.018622
0.110878
0.182491
0.247047
0.317391
0.371192
0.413471
0.461559
0.494477
0.503013
0.501845
0.487785
0.458806
0.422766
0.377878
0.324712
0.267628
0.207686
0.149268
0.093515
0.039691
-0.007688
-0.047643
-0.080439
-0.104171
-0.118874
-0.122663
-0.116273
-0.098768
-0.061595
-0.012144
0.038794
0.105086
0.185269
0.257800
0.331811
0.419781
0.506073
0.586217
0.662753
0.721871
0.765092
0.807480
0.841701
0.856756
0.859583
0.851641
0.828174
0.795932
0.756468
0.704949
0.650909
0.594571
0.521324
0.442247
0.372315
0.299659
0.225205
0.160245
0.095330
0.029993
-0.024197
-0.072847
-0.124808
-0.183099
-0.244664
-0.295427
-0.336470
-0.380518
-0.422152
-0.460444
-0.503856
-0.544405
-0.580320
-0.620419
-0.655257
-0.678017
-0.698306
-0.713895
-0.716107
-0.709222
-0.694230
-0.662344
-0.617722
-0.572454
-0.517998
-0.442984
-0.359119
-0.271914
-0.172187
-0.066652
0.030757
0.117517
0.198986
0.283643
0.362945
0.417561
0.452737
0.478923
0.490137
0.487231
0.470610
0.432952
0.379654
0.317341
0.246702
0.174264
0.102108
0.029513
-0.039573
-0.103431
-0.158735
-0.207157
-0.251087
-0.276135
-0.283107
-0.285243
-0.263239
-0.213143
-0.163133
-0.100251
-0.008519
0.081471
0.164710
0.257754
0.342747
0.411944
0.479712
0.536433
0.569285
0.586420
0.589876
0.570473
0.530235
0.479423
0.417188
0.341433
0.262013
0.183474
0.104978
0.031849
-0.035076
-0.094021
-0.140828
-0.181445
-0.210144
-0.215494
-0.209234
-0.191688
-0.148742
-0.092806
-0.032346
0.041472
0.122500
0.210603
0.308514
0.394204
0.459620
0.517693
0.566341
0.601862
0.624389
0.627575
0.612329
0.580818
0.532859
0.475705
0.410424
0.337012
0.265007
0.194908
0.125252
0.063144
0.008638
-0.037431
-0.069934
-0.093294
-0.108659
-0.109981
-0.096951
-0.069165
-0.025039
0.032807
0.099762
0.171920
0.251624
0.338396
0.425174
0.517425
0.614648
0.695771
0.760424
0.821664
0.872682
0.914359
0.951886
0.972016
0.976002
0.973443
0.954414
0.921261
0.887014
0.844006
0.786769
0.721938
0.647178
0.560591
0.469706
0.378455
0.285545
0.193943
0.108105
0.023274
-0.062588
-0.138566
-0.205320
-0.270928
-0.321710
-0.348826
-0.366364
-0.375374
-0.367304
-0.348422
-0.321383
-0.280861
-0.230697
-0.175657
-0.114945
-0.051337
0.011441
0.073838
0.134226
0.188719
0.237729
0.279371
0.306628
0.320850
0.326162
0.317325
0.292220
0.250267
0.185439
0.104243
0.015947
-0.083623
-0.185699
-0.276080
-0.364911
-0.456124
-0.533953
-0.598053
-0.654778
-0.694378
-0.709412
-0.702810
-0.676234
-0.631438
-0.572855
-0.501770
-0.415110
-0.313853
-0.205649
-0.094330
0.020637
0.133929
0.237739
0.330346
0.414767
0.492325
0.557733
0.605161
0.636804
0.655272
0.657174
0.644412
0.625316
0.596974
0.552290
0.504480
0.464547
0.416124
0.357317
0.311769
0.277196
0.239724
0.211633
0.195607
0.177357
0.161369
0.152352
0.140942
0.130918
0.132390
0.140738
0.146357
0.144502
0.133701
0.114694
0.090942
0.066059
0.035429
-0.009663
-0.064425
-0.111945
-0.148581
-0.191474
-0.243756
-0.285514
-0.321649
-0.370511
-0.411119
-0.429016
-0.448576
-0.467478
-0.466988
-0.462490
-0.461528
-0.453636
-0.446434
-0.443198
-0.438031
-0.436439
-0.437215
-0.437171
-0.443569
-0.453253
-0.462388
-0.479921
-0.506317
-0.534937
-0.563283
-0.588738
-0.612120
-0.632844
-0.644301
-0.646754
-0.643749
-0.631456
-0.605799
-0.566208
-0.511442
-0.440554
-0.359259
-0.275950
-0.188919
-0.096412
-0.002365
0.099434
0.205352
0.296044
0.378347
0.460623
0.521927
0.565095
0.605335
0.624312
0.619775
0.606057
0.565981
0.498005
0.425466
0.340157
0.235863
0.134746
0.035267
-0.081453
-0.206273
-0.318294
-0.417951
-0.513723
-0.594819
-0.649793
-0.686712
-0.705312
-0.700241
-0.683107
-0.650306
-0.588246
-0.511568
-0.429873
-0.335250
-0.234085
-0.125329
-0.002330
0.116930
0.228507
0.346895
0.455117
0.534650
0.600368
0.660506
0.705315
0.731983
0.740899
0.729087
0.699503
0.659887
0.609158
0.542715
0.469809
0.396296
0.312629
0.225442
0.151529
0.086239
0.026761
-0.018844
-0.056436
-0.086997
-0.098885
-0.096052
-0.085188
-0.061078
-0.025669
0.017105
0.069719
0.128518
0.190031
0.257236
0.328296
0.399492
0.470788
0.537761
0.593565
0.639392
0.677481
0.700532
0.706382
0.703199
0.685760
0.646299
0.597787
0.542863
0.469568
0.388559
0.306789
0.208070
0.098254
-0.003807
-0.100892
-0.196050
-0.291093
-0.392427
-0.484817
-0.554322
-0.616097
-0.674630
-0.714357
-0.735105
-0.747593
-0.753325
-0.747902
-0.731460
-0.709701
-0.681436
-0.642835
-0.603197
-0.568259
-0.530404
-0.492362
-0.463637
-0.439330
-0.412870
-0.390642
-0.377815
-0.369688
-0.367153
-0.377510
-0.394530
-0.409099
-0.425107
-0.438049
-0.440717
-0.446028
-0.455929
-0.452258
-0.435271
-0.412552
-0.377162
-0.332215
-0.289110
-0.239183
-0.168951
-0.091808
-0.026571
0.039719
0.116983
0.182217
0.235021
0.294345
0.338303
0.353373
0.365529
0.369302
0.345489
0.310545
0.271542
0.221028
0.165729
0.105535
0.039630
-0.023867
-0.086979
-0.147831
-0.201257
-0.252857
-0.295811
-0.321894
-0.337316
-0.334092
-0.306757
-0.269967
-0.224132
-0.164544
-0.095765
-0.011272
0.085809
0.178126
0.267526
0.358769
0.444436
0.522220
0.588213
0.637196
0.670404
0.684086
0.677286
0.656401
0.619500
0.564866
0.498708
0.423701
0.339015
0.244106
0.141972
0.039233
-0.061873
-0.160225
-0.256058
-0.351624
-0.436887
-0.505752
-0.567900
-0.617821
-0.648591
-0.672363
-0.683952
-0.673300
-0.652268
-0.621316
-0.579560
-0.537245
-0.477390
-0.390896
-0.307945
-0.234929
-0.153332
-0.067222
0.013979
0.090845
0.170010
0.258626
0.343336
0.410585
0.467874
0.514043
0.548038
0.583599
0.616425
0.636801
0.650802
0.655584
0.650205
0.645193
0.636182
0.618518
0.600128
0.580560
0.558653
0.538537
0.518847
0.500297
0.483253
0.465165
0.450548
0.438741
0.424809
0.415381
0.410145
0.399871
0.389021
0.380727
0.367670
0.352346
0.339949
0.324288
0.300306
0.271084
0.238039
0.197035
0.150454
0.110898
0.080377
0.046272
0.004390
-0.039381
-0.083225
-0.126717
-0.166688
-0.200440
-0.225335
-0.241664
-0.257326
-0.276738
-0.291894
-0.303087
-0.324349
-0.350919
-0.367174
-0.381969
-0.403282
-0.419819
-0.437437
-0.470139
-0.507522
-0.540188
-0.576105
-0.616456
-0.651846
-0.679799
-0.708535
-0.737694
-0.753741
-0.759253
-0.765616
-0.761765
-0.741045
-0.715248
-0.681911
-0.637100
-0.590349
-0.538934
-0.478884
-0.418799
-0.359087
-0.299944
-0.249543
-0.207804
-0.174354
-0.152462
-0.139076
-0.135209
-0.144003
-0.161817
-0.190245
-0.231474
-0.278713
-0.329382
-0.385921
-0.446542
-0.507443
-0.565918
-0.622318
-0.674342
-0.714655
-0.744725
-0.767962
-0.776619
-0.771456
-0.762489
-0.746214
-0.717313
-0.681770
-0.642696
-0.598000
-0.549462
-0.502286
-0.458112
-0.415903
-0.382950
-0.363010
-0.342469
-0.319999
-0.309327
-0.302053
-0.290051
-0.288918
-0.295026
-0.291724
-0.288642
-0.286975
-0.268838
-0.243863
-0.224822
-0.192810
-0.144510
-0.098752
-0.047292
0.023276
0.099415
0.173350
0.247126
0.313578
0.377252
0.447197
0.511015
0.561928
0.608920
0.649775
0.678235
0.693519
0.694550
0.687363
0.673467
0.644651
0.606675
0.565314
0.513315
0.457947
0.405504
0.341827
0.269532
0.204697
0.143567
0.081347
0.021350
-0.039736
-0.101103
-0.159902
-0.221045
-0.281534
-0.336034
-0.392641
-0.454288
-0.512131
-0.563909
-0.612478
-0.658492
-0.702633
-0.741775
-0.772630
-0.797568
-0.813872
-0.817289
-0.814004
-0.804374
-0.779626
-0.740105
-0.687081
-0.624149
-0.565361
-0.501517
-0.413014
-0.320978
-0.242201
-0.155475
-0.062433
0.019753
0.097005
0.161020
0.200069
0.233025
0.262832
0.271556
0.262902
0.243214
0.208943
0.164115
0.111403
0.051232
-0.012488
-0.079539
-0.147988
-0.214500
-0.278210
-0.334325
-0.382291
-0.423238
-0.448702
-0.456292
-0.448780
-0.422513
-0.379460
-0.321619
-0.250466
-0.175135
-0.084526
0.030938
0.137269
0.223355
0.321811
0.421326
0.489205
0.541915
0.594973
0.631646
0.646992
0.645718
0.622233
0.579038
0.528083
0.467094
0.388137
0.300536
0.209548
0.104303
-0.006835
-0.106859
-0.203245
-0.297383
-0.378823
-0.455283
-0.527141
-0.581273
-0.623621
-0.658982
-0.677716
-0.683054
-0.684158
-0.678532
-0.659441
-0.627545
-0.592611
-0.553419
-0.502039
-0.452499
-0.411073
-0.357350
-0.292423
-0.233352
-0.177982
-0.125922
-0.077910
-0.021788
0.043380
0.109792
0.175890
0.238349
0.298477
0.359102
0.415113
0.467824
0.518085
0.559266
0.595001
0.625481
0.640521
0.642294
0.632292
0.604384
0.563759
0.511570
0.441090
0.357590
0.266659
0.170533
0.075524
-0.020328
-0.119143
-0.217497
-0.319278
-0.418451
-0.500755
-0.570944
-0.630802
-0.669051
-0.688398
-0.691193
-0.671200
-0.633945
-0.580653
-0.507091
-0.426434
-0.345509
-0.255930
-0.162867
-0.072810
0.019770
0.110967
0.189451
0.248486
0.285046
0.306225
0.318281
0.312499
0.286948
0.252695
0.210522
0.157023
0.098530
0.038310
-0.024728
-0.085878
-0.142287
-0.195378
-0.242552
-0.281823
-0.312492
-0.328972
-0.331173
-0.324434
-0.304523
-0.270959
-0.234172
-0.191342
-0.135625
-0.075162
-0.010985
0.058751
0.119986
0.172426
0.228256
0.276844
0.309474
0.337200
0.359778
0.372995
0.386374
0.404837
0.425446
0.443449
0.453417
0.460100
0.469052
0.477189
0.488188
0.505643
0.525032
0.549246
0.579017
0.606299
0.632455
0.658286
0.676575
0.690914
0.706516
0.716610
0.718332
0.717531
0.716200
0.709084
0.694817
0.681032
0.667562
0.647984
0.629029
0.614773
0.598387
0.584254
0.576729
0.568237
0.559124
0.553835
0.550794
0.549417
0.548536
0.549033
0.548866
0.537490
0.520255
0.506593
0.482810
0.448418
0.413853
0.364064
0.301260
0.245014
0.177951
0.093183
0.018516
-0.048896
-0.123908
-0.194757
-0.260106
-0.324658
-0.377433
-0.416849
-0.446473
-0.460362
-0.458468
-0.445015
-0.421139
-0.387298
-0.339729
-0.277041
-0.203690
-0.123188
-0.040526
0.044510
0.138284
0.234326
0.323560
0.409310
0.488896
0.557288
0.620267
0.674543
0.711085
0.735944
0.751354
0.747866
0.728837
0.702697
0.663537
0.609272
0.551460
0.491382
0.415784
0.324844
0.237504
0.158336
0.070055
-0.026792
-0.113025
-0.193571
-0.279516
-0.355742
-0.418353
-0.478732
-0.526293
-0.559147
-0.593700
-0.619445
-0.628340
-0.638562
-0.644624
-0.634319
-0.623006
-0.612137
-0.592017
-0.572703
-0.557217
-0.540019
-0.526355
-0.517258
-0.511384
-0.510293
-0.511203
-0.517803
-0.531066
-0.543597
-0.562900
-0.589897
-0.608008
-0.624038
-0.645508
-0.653330
-0.648756
-0.644616
-0.629013
-0.601851
-0.576270
-0.542507
-0.491923
-0.433468
-0.370887
-0.300967
-0.224581
-0.152178
-0.090708
-0.026756
0.043357
0.097513
0.129112
0.148934
0.157917
0.157459
0.146858
0.117972
0.075946
0.027553
-0.031499
-0.096702
-0.163629
-0.236302
-0.309501
-0.379893
-0.448917
-0.505093
-0.543516
-0.571263
-0.583305
-0.575292
-0.552268
-0.511901
-0.451189
-0.369840
-0.266777
-0.152566
-0.039135
0.072237
0.177348
0.273742
0.363811
0.442580
0.508284
0.561618
0.593519
0.601229
0.587722
0.552102
0.503670
0.446887
0.369150
0.270528
0.160182
0.039356
-0.084505
-0.205158
-0.321314
-0.422385
-0.507871
-0.586604
-0.651900
-0.702466
-0.745321
-0.770129
-0.771760
-0.761152
-0.739609
-0.706141
-0.666358
-0.621367
-0.573283
-0.526991
-0.485179
-0.450650
-0.421838
-0.398412
-0.388161
-0.391422
-0.401871
-0.421260
-0.450449
-0.484051
-0.519870
-0.557430
-0.592397
-0.619190
-0.636722
-0.644851
-0.637304
-0.612694
-0.579864
-0.540512
-0.488560
-0.422801
-0.343349
-0.247929
-0.138427
-0.028987
0.065107
0.151898
0.242661
0.322876
0.382947
0.429276
0.457116
0.465039
0.460162
0.438054
0.398699
0.346125
0.275536
0.194325
0.107518
0.003503
-0.107246
-0.207058
-0.305499
-0.405081
-0.494679
-0.574370
-0.641076
-0.689880
-0.726459
-0.751767
-0.762327
-0.759601
-0.746759
-0.726908
-0.698832
-0.664672
-0.633783
-0.604350
-0.574444
-0.554572
-0.542159
-0.530576
-0.529164
-0.539611
-0.555290
-0.576649
-0.603774
-0.637086
-0.669926
-0.691272
-0.710109
-0.728254
-0.728027
-0.716508
-0.699939
-0.660375
-0.609420
-0.561697
-0.496094
-0.420356
-0.358672
-0.291079
-0.208679
-0.132813
-0.059646
0.011419
0.055352
0.072647
0.080910
0.077530
0.059774
0.031892
-0.009829
-0.064285
-0.125355
-0.195663
-0.272831
-0.348572
-0.425498
-0.501849
-0.566347
-0.620160
-0.661794
-0.676719
-0.669814
-0.655621
-0.626633
-0.576923
-0.515279
-0.441158
-0.351910
-0.258791
-0.170683
-0.085230
-0.004566
0.062068
0.114546
0.156119
0.178417
0.179001
0.166285
0.137654
0.090923
0.033829
-0.034077
-0.111157
-0.190087
-0.274993
-0.363653
-0.445484
-0.522156
-0.589229
-0.635912
-0.665208
-0.677042
-0.668175
-0.641846
-0.595514
-0.533762
-0.462307
-0.370249
-0.268627
-0.178077
-0.082273
0.019851
0.100840
0.166842
0.227290
0.264891
0.278608
0.273917
0.247484
0.207884
0.157985
0.092665
0.018569
-0.062156
-0.149922
-0.237552
-0.325225
-0.410641
-0.485777
-0.551406
-0.601866
-0.629376
-0.638936
-0.626804
-0.589865
-0.541662
-0.478986
-0.388016
-0.277678
-0.156522
-0.022953
0.107031
0.216129
0.316721
0.423299
0.517935
0.582320
0.629298
0.666169
0.680350
0.672794
0.648259
0.602185
0.540322
0.463066
0.361374
0.247344
0.131501
0.004275
-0.125930
-0.238453
-0.334386
-0.423296
-0.507051
-0.582100
-0.640650
-0.677688
-0.693334
-0.690664
-0.673718
-0.639875
-0.588147
-0.527549
-0.460359
-0.383930
-0.305246
-0.228357
-0.152975
-0.086259
-0.030641
0.018022
0.056227
0.080317
0.092498
0.092494
0.080495
0.058166
0.022877
-0.024509
-0.079438
-0.146076
-0.225359
-0.305345
-0.384679
-0.469997
-0.551844
-0.625026
-0.696961
-0.758304
-0.801301
-0.838628
-0.866845
-0.873672
-0.868402
-0.853063
-0.818019
-0.770916
-0.719047
-0.658849
-0.592159
-0.518201
-0.434304
-0.343583
-0.243612
-0.138418
-0.045586
0.033848
0.111012
0.181270
0.240426
0.298350
0.356687
0.405959
0.445340
0.478678
0.500661
0.508230
0.509579
0.509442
0.505495
0.497757
0.487706
0.477391
0.467422
0.455216
0.444061
0.437512
0.430379
0.423971
0.424035
0.425732
0.426545
0.430194
0.435891
0.443241
0.451341
0.458541
0.466847
0.471441
0.470148
0.471910
0.470782
0.459299
0.450027
0.437340
0.405499
0.370359
0.338920
0.291923
0.236400
0.191834
0.146489
0.083228
0.008140
-0.066211
-0.139397
-0.216024
-0.292208
-0.364073
-0.435167
-0.505982
-0.574731
-0.638074
-0.687886
-0.727367
-0.765947
-0.795619
-0.808413
-0.811801
-0.806576
-0.785602
-0.750274
-0.705067
-0.649801
-0.583673
-0.506182
-0.414878
-0.314486
-0.219666
-0.129535
-0.030182
0.067295
0.146465
0.219532
0.291656
0.349493
0.393785
0.427568
0.445591
0.449848
0.440993
0.417885
0.383257
0.333026
0.270085
0.204560
0.129790
0.045259
-0.035107
-0.117006
-0.205526
-0.284858
-0.353232
-0.419834
-0.479939
-0.527062
-0.560887
-0.587148
-0.611581
-0.625841
-0.627189
-0.627416
-0.623543
-0.610735
-0.600412
-0.591362
-0.576740
-0.566233
-0.561657
-0.555962
-0.553585
-0.556652
-0.560335
-0.563981
-0.567834
-0.573767
-0.583319
-0.592185
-0.598412
-0.600748
-0.595810
-0.587812
-0.576813
-0.553155
-0.520872
-0.489621
-0.453603
-0.413195
-0.382923
-0.359713
-0.324411
-0.279814
-0.246600
-0.223077
-0.194233
-0.167605
-0.152851
-0.139450
-0.123453
-0.109512
-0.093402
-0.074853
-0.056441
-0.032652
-0.002625
0.029816
0.063762
0.099526
0.142052
0.190883
0.242143
0.306087
0.376885
0.428588
0.469043
0.512262
0.538078
0.547872
0.561980
0.567137
0.553153
0.529803
0.492035
0.439572
0.383471
0.320675
0.251636
0.185615
0.122592
0.063956
0.013993
-0.028753
-0.063170
-0.086245
-0.097549
-0.098052
-0.086530
-0.053669
0.000193
0.059504
0.126333
0.209586
0.295673
0.375894
0.455202
0.529980
0.596017
0.648896
0.682010
0.700083
0.702532
0.680612
0.641462
0.590855
0.523149
0.443042
0.357530
0.269494
0.186244
0.109591
0.039473
-0.019014
-0.065926
-0.101130
-0.122175
-0.128744
-0.114835
-0.080768
-0.035463
0.023707
0.095096
0.170106
0.257399
0.357506
0.453009
0.540480
0.617339
0.674698
0.717504
0.744340
0.746504
0.731371
0.700610
0.646955
0.577398
0.498350
0.409487
0.316500
0.224389
0.136753
0.057266
-0.013333
-0.070349
-0.112471
-0.144418
-0.161917
-0.161647
-0.147165
-0.114686
-0.061379
0.010113
0.095891
0.185479
0.279630
0.385644
0.484573
0.563952
0.640383
0.711800
0.765188
0.805813
0.827118
0.820360
0.798231
0.759388
0.693676
0.613998
0.527628
0.426592
0.317335
0.209856
0.098668
-0.019618
-0.133195
-0.231186
-0.317935
-0.399029
-0.470467
-0.529051
-0.571635
-0.595352
-0.605619
-0.601602
-0.578148
-0.544980
-0.505753
-0.451894
-0.387093
-0.313752
-0.231426
-0.151325
-0.067865
0.025410
0.103013
0.164149
0.233743
0.297517
0.347936
0.409523
0.468538
0.502688
0.531248
0.560280
0.577886
0.590792
0.601808
0.607475
0.609896
0.605777
0.598786
0.592914
0.577971
0.558285
0.542596
0.520180
0.492711
0.467222
0.432218
0.388093
0.340235
0.281275
0.221629
0.170397
0.108574
0.031478
-0.046458
-0.124336
-0.204764
-0.286888
-0.372227
-0.457258
-0.536402
-0.605715
-0.664107
-0.715921
-0.758406
-0.787539
-0.811686
-0.828897
-0.827047
-0.811079
-0.787737
-0.752261
-0.704931
-0.649135
-0.586944
-0.521468
-0.450948
-0.374876
-0.297049
-0.219477
-0.149173
-0.091882
-0.043299
-0.004050
0.023275
0.043687
0.056048
0.056696
0.047968
0.028179
-0.002198
-0.037965
-0.080708
-0.129054
-0.178182
-0.231978
-0.289356
-0.343242
-0.395323
-0.444580
-0.485341
-0.518730
-0.542904
-0.554651
-0.556636
-0.543544
-0.511878
-0.474397
-0.433327
-0.376209
-0.304619
-0.226759
-0.142375
-0.051777
0.045890
0.149255
0.245682
0.332350
0.420691
0.510151
0.594430
0.672256
0.734944
0.779988
0.816939
0.842802
0.854008
0.859137
0.852891
0.827827
0.795098
0.754750
0.697776
0.635333
0.574718
0.506791
0.434898
0.366825
0.297033
0.225923
0.161413
0.102135
0.048253
0.008049
-0.018542
-0.037743
-0.048220
-0.047802
-0.038964
-0.021749
0.004518
0.037783
0.076858
0.120696
0.168162
0.219704
0.273483
0.325661
0.375586
0.423584
0.465454
0.497110
0.521951
0.538947
0.538116
0.526398
0.516600
0.492889
0.445623
0.390035
0.319819
0.229309
0.142330
0.057202
-0.039754
-0.130320
-0.216945
-0.318511
-0.415501
-0.495770
-0.573545
-0.644321
-0.703974
-0.760023
-0.806703
-0.839386
-0.857895
-0.860492
-0.854740
-0.839720
-0.809581
-0.773061
-0.726109
-0.662375
-0.599535
-0.537574
-0.463668
-0.391556
-0.325786
-0.255680
-0.190439
-0.135393
-0.084372
-0.042991
-0.012402
0.013057
0.029164
0.032667
0.025406
0.008921
-0.014783
-0.047182
-0.087820
-0.132532
-0.181786
-0.234796
-0.290056
-0.349000
-0.406507
-0.459413
-0.508972
-0.548134
-0.577511
-0.602024
-0.609462
-0.599585
-0.585443
-0.555564
-0.503224
-0.443509
-0.372210
-0.283571
-0.193168
-0.100780
0.001547
0.104736
0.208266
0.312404
0.401723
0.482086
0.570949
0.651352
0.705393
0.748324
0.786950
0.808265
0.814503
0.814505
0.801144
0.770179
0.733084
0.695848
0.650875
0.598566
0.549334
0.499906
0.443699
0.393213
0.355308
0.320964
0.293692
0.277696
0.261877
0.247698
0.244502
0.244334
0.239408
0.234368
0.234710
0.239623
0.240266
0.236335
0.235420
0.225851
0.200001
0.170882
0.127830
0.058443
-0.008248
-0.060620
-0.119638
-0.179046
-0.229880
-0.288319
-0.349461
-0.395679
-0.433147
-0.466157
-0.485189
-0.488892
-0.481546
-0.464077
-0.436295
-0.397935
-0.351380
-0.300332
-0.246093
-0.191222
-0.139416
-0.090015
-0.042104
-0.001853
0.026277
0.048761
0.066996
0.071610
0.065671
0.056577
0.032999
-0.008916
-0.056199
-0.112338
-0.179899
-0.239368
-0.293231
-0.361669
-0.430126
-0.480337
-0.528445
-0.579859
-0.617213
-0.640223
-0.656123
-0.660061
-0.654010
-0.646522
-0.636186
-0.619507
-0.599283
-0.578637
-0.557396
-0.535203
-0.515900
-0.502592
-0.492364
-0.485713
-0.486982
-0.492878
-0.500164
-0.513187
-0.531032
-0.547536
-0.563531
-0.581172
-0.595414
-0.601625
-0.600953
-0.591634
-0.568230
-0.535869
-0.503451
-0.462181
-0.401363
-0.329100
-0.249948
-0.157696
-0.057600
0.044542
0.153807
0.263750
0.363198
0.458353
0.553598
0.641406
0.719287
0.784289
0.830638
0.863222
0.884685
0.887803
0.873824
0.847369
0.805556
0.750093
0.685004
0.609512
0.528754
0.450700
0.375212
0.299481
0.224466
0.155908
0.099384
0.054061
0.020331
0.002258
-0.000750
0.009887
0.033002
0.064848
0.105779
0.155151
0.209903
0.274043
0.344210
0.409598
0.474121
0.538382
0.591218
0.636373
0.677023
0.701689
0.710743
0.709544
0.695249
0.672032
0.643314
0.605938
0.561667
0.512399
0.462973
0.417299
0.365256
0.311513
0.277502
0.256268
0.233754
0.220968
0.218312
0.214211
0.214632
0.223535
0.232984
0.243714
0.257606
0.262835
0.250255
0.228605
0.204564
0.170599
0.128576
0.083573
0.022132
-0.055646
-0.129234
-0.199654
-0.274503
-0.343981
-0.407389
-0.468028
-0.515841
-0.547134
-0.563835
-0.561577
-0.539669
-0.500525
-0.445182
-0.376987
-0.299823
-0.215540
-0.120707
-0.015876
0.086114
0.185894
0.294938
0.399849
0.487135
0.565331
0.630593
0.676592
0.712878
0.733175
0.727913
0.710577
0.687138
0.651369
0.606896
0.557509
0.503946
0.448772
0.393102
0.342707
0.301749
0.267208
0.242453
0.229617
0.223905
0.226576
0.232283
0.231485
0.234845
0.249196
0.262047
0.271988
0.281977
0.281467
0.266254
0.239826
0.201380
0.151512
0.090572
0.020363
-0.049318
-0.111187
-0.165843
-0.219546
-0.279000
-0.334533
-0.372440
-0.399654
-0.419773
-0.420581
-0.401917
-0.369837
-0.322548
-0.265885
-0.207711
-0.146110
-0.081197
-0.016963
0.043491
0.098775
0.151120
0.195477
0.222910
0.239891
0.251416
0.246941
0.224244
0.186816
0.128637
0.054705
-0.018357
-0.091023
-0.172783
-0.256371
-0.329706
-0.395357
-0.454666
-0.497235
-0.522793
-0.538885
-0.539073
-0.519164
-0.487806
-0.445157
-0.388274
-0.324405
-0.258005
-0.189822
-0.123449
-0.060412
-0.002509
0.047323
0.088587
0.120253
0.141484
0.150898
0.145696
0.128093
0.100512
0.059469
0.001355
-0.072299
-0.149990
-0.227016
-0.318812
-0.420299
-0.507021
-0.589664
-0.678037
-0.748729
-0.807848
-0.871928
-0.915766
-0.934290
-0.951936
-0.959587
-0.945422
-0.923622
-0.892707
-0.842115
-0.782018
-0.721947
-0.650807
-0.563398
-0.478750
-0.399791
-0.307592
-0.216187
-0.140773
-0.054320
0.039252
0.105914
0.159585
0.215126
0.254903
0.286338
0.317868
0.331087
0.327379
0.318757
0.301066
0.273904
0.240063
0.200579
0.159282
0.114805
0.068546
0.025647
-0.016303
-0.055442
-0.087760
-0.115887
-0.137094
-0.150059
-0.156219
-0.150274
-0.136025
-0.112723
-0.065867
-0.011113
0.031094
0.082344
0.150166
0.217614
0.294874
0.382219
0.456323
0.525851
0.603507
0.669981
0.719678
0.765248
0.803243
0.828846
0.848312
0.860636
0.859257
0.847464
0.830158
0.800792
0.757091
0.712042
0.669509
0.617653
0.555387
0.491215
0.422102
0.342380
0.259058
0.179278
0.099797
0.020067
-0.054507
-0.124280
-0.191031
-0.254511
-0.317965
-0.376673
-0.421017
-0.454726
-0.478015
-0.484013
-0.481999
-0.474805
-0.449530
-0.412201
-0.368029
-0.304112
-0.227962
-0.150878
-0.063125
0.029056
0.116709
0.213609
0.315317
0.406297
0.492553
0.571596
0.632996
0.682138
0.717862
0.734033
0.733594
0.714179
0.676921
0.626896
0.559074
0.479133
0.395235
0.298344
0.193523
0.092243
-0.011076
-0.108828
-0.194225
-0.280114
-0.357116
-0.413260
-0.461607
-0.495485
-0.505588
-0.507968
-0.498108
-0.466878
-0.429778
-0.381913
-0.310833
-0.232701
-0.158439
-0.087086
-0.018971
0.057527
0.147385
0.237760
0.319263
0.386722
0.443846
0.501652
0.554979
0.598512
0.641591
0.682467
0.713840
0.739089
0.758024
0.768265
0.773559
0.775603
0.771960
0.761171
0.746023
0.725067
0.690408
0.647723
0.604252
0.550370
0.491358
0.436967
0.366781
0.277297
0.192074
0.107860
0.020145
-0.056091
-0.129422
-0.211053
-0.285400
-0.344653
-0.391995
-0.426099
-0.449545
-0.459424
-0.449151
-0.425413
-0.392239
-0.343643
-0.281485
-0.211714
-0.133349
-0.044172
0.052616
0.151299
0.251379
0.353187
0.448359
0.529741
0.600016
0.659877
0.705401
0.738209
0.759261
0.762950
0.752500
0.735122
0.702839
0.656613
0.614495
0.570314
0.512854
0.462298
0.423013
0.378191
0.339823
0.317015
0.293929
0.273948
0.267789
0.268965
0.275367
0.286864
0.300238
0.316463
0.330306
0.339367
0.345995
0.340637
0.324976
0.309922
0.282386
0.237136
0.188663
0.127454
0.043267
-0.043016
-0.118174
-0.191235
-0.266829
-0.337199
-0.395612
-0.448645
-0.499262
-0.535393
-0.554644
-0.560694
-0.547502
-0.519294
-0.483503
-0.433463
-0.369120
-0.294778
-0.209920
-0.122986
-0.034069
0.066689
0.167487
0.256542
0.342541
0.425567
0.500378
0.568435
0.622273
0.657649
0.682366
0.695512
0.691871
0.674449
0.646845
0.608193
0.553594
0.485928
0.418221
0.347606
0.263857
0.177241
0.093951
0.007224
-0.077464
-0.159817
-0.245047
-0.316635
-0.373101
-0.439050
-0.507907
-0.559271
-0.601723
-0.637864
-0.658514
-0.672244
-0.683801
-0.686284
-0.682852
-0.676330
-0.662892
-0.643448
-0.620830
-0.596505
-0.569079
-0.538027
-0.509637
-0.481580
-0.447255
-0.417485
-0.395673
-0.369021
-0.342359
-0.323430
-0.304094
-0.285727
-0.272986
-0.261055
-0.251546
-0.244821
-0.235999
-0.227738
-0.221177
-0.215136
-0.207568
-0.188476
-0.161512
-0.138381
-0.106934
-0.062394
-0.023156
0.013373
0.062375
0.123043
0.194537
0.274242
0.350653
0.420597
0.489581
0.561620
0.632368
0.692342
0.746334
0.800286
0.842622
0.872636
0.896667
0.901880
0.888058
0.868821
0.833515
0.778894
0.725544
0.666034
0.580100
0.484081
0.393716
0.294417
0.186790
0.092293
0.010391
-0.067994
-0.133297
-0.184407
-0.232114
-0.268849
-0.284479
-0.284444
-0.269919
-0.239167
-0.197641
-0.147866
-0.091468
-0.031246
0.033668
0.099328
0.161300
0.222057
0.278120
0.325068
0.366109
0.396428
0.408199
0.404974
0.389050
0.357997
0.312179
0.250506
0.175912
0.098659
0.020962
-0.061539
-0.141890
-0.208292
-0.265446
-0.324587
-0.375321
-0.401644
-0.412995
-0.418335
-0.404518
-0.370488
-0.330405
-0.282861
-0.224722
-0.165251
-0.105644
-0.043072
0.016185
0.069962
0.119703
0.160725
0.192683
0.218837
0.233932
0.232675
0.217015
0.187485
0.142670
0.085794
0.023161
-0.043579
-0.118770
-0.200737
-0.279778
-0.356108
-0.439555
-0.528692
-0.610229
-0.675929
-0.729370
-0.775437
-0.810190
-0.834251
-0.857718
-0.875621
-0.876245
-0.868824
-0.858849
-0.834834
-0.801867
-0.770620
-0.730348
-0.676659
-0.619812
-0.557092
-0.483356
-0.407152
-0.331216
-0.248949
-0.164197
-0.085409
-0.006400
0.080651
0.165259
0.236563
0.299579
0.357503
0.405652
0.441388
0.461401
0.465628
0.460202
0.442404
0.404654
0.350588
0.285750
0.209357
0.121496
0.023851
-0.079582
-0.182368
-0.284876
-0.391710
-0.497478
-0.590419
-0.667435
-0.730041
-0.772896
-0.793918
-0.799624
-0.788061
-0.755366
-0.711046
-0.655297
-0.578583
-0.493552
-0.414356
-0.332799
-0.251132
-0.181910
-0.120427
-0.066037
-0.029473
-0.008666
-0.000338
-0.008272
-0.028933
-0.062256
-0.112324
-0.171870
-0.237984
-0.314438
-0.392117
-0.465803
-0.542609
-0.616679
-0.678321
-0.732772
-0.779132
-0.806567
-0.818278
-0.822584
-0.813532
-0.788129
-0.757399
-0.723004
-0.676625
-0.626079
-0.583859
-0.544500
-0.504208
-0.471929
-0.448056
-0.425284
-0.406634
-0.400327
-0.404771
-0.412283
-0.422521
-0.435868
-0.445922
-0.455489
-0.467804
-0.467876
-0.453764
-0.438506
-0.409512
-0.359578
-0.310308
-0.257459
-0.184211
-0.106769
-0.030240
0.058967
0.145988
0.217729
0.286952
0.352171
0.402922
0.442718
0.469870
0.477423
0.467770
0.444116
0.407968
0.361612
0.303441
0.233776
0.156949
0.071995
-0.021670
-0.115616
-0.206115
-0.300786
-0.397972
-0.482480
-0.550666
-0.611680
-0.664777
-0.704060
-0.732508
-0.750638
-0.753184
-0.743051
-0.726692
-0.703805
-0.672283
-0.629713
-0.576161
-0.518577
-0.457164
-0.386854
-0.314286
-0.241769
-0.166510
-0.102191
-0.044569
0.031465
0.109466
0.167988
0.233008
0.308127
0.369985
0.431577
0.495461
0.537785
0.568941
0.600511
0.619123
0.631525
0.641808
0.633219
0.610536
0.584112
0.545442
0.494630
0.437322
0.369237
0.292637
0.217855
0.144387
0.063439
-0.019603
-0.093821
-0.166939
-0.239862
-0.297927
-0.347426
-0.393469
-0.422423
-0.442160
-0.458315
-0.454625
-0.439422
-0.420360
-0.382776
-0.336538
-0.287179
-0.218985
-0.146485
-0.077973
0.003892
0.083381
0.148639
0.224627
0.313109
0.398749
0.480376
0.554063
0.621963
0.687977
0.743078
0.790269
0.834591
0.866467
0.888227
0.904363
0.907474
0.899186
0.881047
0.848933
0.808351
0.761081
0.701439
0.631532
0.560390
0.493018
0.415031
0.316802
0.226465
0.157094
0.084564
0.013506
-0.039124
-0.086234
-0.126511
-0.147948
-0.159020
-0.157141
-0.135936
-0.105913
-0.066557
-0.016495
0.035469
0.093588
0.157110
0.217030
0.279733
0.342684
0.394565
0.440168
0.476367
0.496159
0.506956
0.500893
0.469937
0.430284
0.381217
0.313335
0.242639
0.174086
0.096477
0.015699
-0.060950
-0.132671
-0.194761
-0.246670
-0.284261
-0.303396
-0.313536
-0.311600
-0.285181
-0.245179
-0.201695
-0.148545
-0.088430
-0.026123
0.039062
0.102752
0.164080
0.223596
0.275807
0.319171
0.353570
0.376932
0.387347
0.379672
0.355307
0.316319
0.257274
0.191544
0.129772
0.048945
-0.049390
-0.135626
-0.218875
-0.315052
-0.410269
-0.496518
-0.568484
-0.622466
-0.672789
-0.720438
-0.756278
-0.785214
-0.800367
-0.794647
-0.782617
-0.767351
-0.741785
-0.708289
-0.666279
-0.617427
-0.565588
-0.509419
-0.453715
-0.397344
-0.335624
-0.278523
-0.221336
-0.152958
-0.089933
-0.034316
0.029667
0.091211
0.145542
0.203977
0.257047
0.300552
0.346897
0.394463
0.438218
0.479162
0.514851
0.544904
0.570155
0.591169
0.607311
0.614438
0.616447
0.615306
0.603053
0.586061
0.569079
0.538348
0.496791
0.454730
0.405216
0.349393
0.291361
0.224054
0.151082
0.081090
0.012922
-0.060398
-0.144423
-0.226059
-0.294262
-0.364694
-0.438287
-0.501483
-0.562198
-0.616478
-0.650383
-0.677386
-0.702235
-0.713038
-0.715353
-0.711697
-0.694462
-0.664604
-0.624820
-0.580767
-0.536582
-0.489582
-0.443732
-0.395091
-0.334441
-0.273147
-0.214353
-0.150932
-0.098017
-0.059337
-0.021753
0.008610
0.032754
0.061719
0.087256
0.106673
0.127320
0.148173
0.171752
0.196928
0.217977
0.239049
0.259156
0.279039
0.308335
0.340467
0.372738
0.416000
0.458205
0.490183
0.528327
0.570758
0.602454
0.627494
0.652586
0.675262
0.691753
0.702537
0.710390
0.710618
0.702950
0.697014
0.689508
0.675616
0.665324
0.659159
0.649802
0.641894
0.640530
0.642596
0.645302
0.652778
0.667043
0.677988
0.685382
0.699754
0.711337
0.711902
0.710068
0.698924
0.674292
0.647680
0.613844
0.571353
0.528988
0.474518
0.409009
0.350540
0.287597
0.213165
0.144369
0.080976
0.021655
-0.022289
-0.052998
-0.071716
-0.074202
-0.068306
-0.054971
-0.025680
0.016634
0.066334
0.123424
0.186808
0.254122
0.322823
0.391546
0.458403
0.517233
0.562655
0.594054
0.611707
0.612156
0.593151
0.560529
0.513925
0.447489
0.373913
0.300154
0.210392
0.113233
0.031229
-0.045594
-0.124321
-0.189280
-0.233997
-0.255162
-0.252495
-0.239361
-0.217078
-0.178098
-0.126274
-0.063137
0.009199
0.083225
0.161478
0.243774
0.320854
0.393016
0.460619
0.514506
0.550590
0.569537
0.568287
0.543500
0.497817
0.438691
0.369245
0.287650
0.192473
0.083923
-0.030346
-0.141621
-0.250412
-0.350950
-0.431528
-0.494870
-0.546462
-0.582148
-0.598834
-0.596385
-0.576515
-0.540087
-0.486132
-0.421465
-0.348779
-0.259625
-0.158816
-0.056987
0.046732
0.148453
0.244101
0.335561
0.417683
0.493052
0.567387
0.627622
0.670288
0.707154
0.734297
0.747537
0.753559
0.751146
0.738061
0.717868
0.691753
0.656918
0.612050
0.567801
0.528488
0.477202
0.414791
0.355814
0.290357
0.218767
0.157853
0.098091
0.032088
-0.032702
-0.105604
-0.185417
-0.256251
-0.322066
-0.383420
-0.431190
-0.472047
-0.510940
-0.544253
-0.570017
-0.582473
-0.582209
-0.571799
-0.544767
-0.506151
-0.462875
-0.407870
-0.345515
-0.282070
-0.208723
-0.128004
-0.047141
0.037488
0.120886
0.198527
0.275693
0.345893
0.401726
0.450457
0.493489
0.523062
0.539212
0.545662
0.539384
0.518814
0.488238
0.444333
0.383679
0.317369
0.247207
0.164238
0.079984
0.004466
-0.075300
-0.162231
-0.247732
-0.332514
-0.416919
-0.498967
-0.574850
-0.636640
-0.687162
-0.732437
-0.768961
-0.797143
-0.815781
-0.820784
-0.819467
-0.810062
-0.783566
-0.751426
-0.717957
-0.672450
-0.623625
-0.575988
-0.516623
-0.455397
-0.406497
-0.355669
-0.295098
-0.237137
-0.186850
-0.144563
-0.115086
-0.094803
-0.074446
-0.055447
-0.041846
-0.029809
-0.021627
-0.021671
-0.020419
-0.016556
-0.021320
-0.024845
-0.013413
0.000763
0.011458
0.032095
0.067389
0.111063
0.156822
0.203983
0.258903
0.317787
0.371471
0.427811
0.490235
0.545742
0.593590
0.636296
0.662701
0.673144
0.675414
0.662339
0.631304
0.588416
0.529317
0.454415
0.373461
0.282628
0.179030
0.076455
-0.023185
-0.129908
-0.234749
-0.327427
-0.418060
-0.505190
-0.570751
-0.616292
-0.649344
-0.660134
-0.650498
-0.629783
-0.585163
-0.516337
-0.446095
-0.369784
-0.273209
-0.169288
-0.062698
0.048629
0.147488
0.236211
0.331787
0.417407
0.477105
0.523154
0.555977
0.569129
0.571460
0.563629
0.537294
0.495381
0.443844
0.382519
0.311659
0.235103
0.153512
0.065501
-0.019153
-0.095149
-0.177421
-0.263804
-0.334365
-0.399471
-0.471410
-0.530029
-0.571486
-0.612411
-0.647962
-0.672428
-0.694050
-0.710059
-0.714980
-0.712818
-0.701790
-0.676065
-0.640801
-0.605712
-0.567598
-0.519419
-0.467873
-0.410207
-0.327653
-0.229859
-0.142888
-0.060586
0.028474
0.115334
0.198466
0.280501
0.358143
0.435689
0.508713
0.559607
0.588562
0.605918
0.609387
0.597826
0.575832
0.540461
0.488504
0.426142
0.358990
0.287051
0.213545
0.143745
0.078080
0.017921
-0.033634
-0.076895
-0.109917
-0.131272
-0.143381
-0.140509
-0.116930
-0.076857
-0.018655
0.055076
0.128414
0.204967
0.297272
0.389345
0.466058
0.535811
0.600455
0.652046
0.688887
0.711240
0.716253
0.699027
0.661564
0.612296
0.549341
0.471869
0.391757
0.310772
0.226738
0.149267
0.080080
0.019049
-0.026665
-0.062518
-0.088739
-0.093953
-0.086230
-0.067536
-0.023930
0.030813
0.086367
0.160236
0.244479
0.326171
0.419123
0.509342
0.573811
0.632429
0.691118
0.724436
0.734650
0.735589
0.720218
0.686188
0.640095
0.582526
0.513987
0.437668
0.357935
0.280259
0.207255
0.140500
0.083261
0.037897
0.004374
-0.018650
-0.029981
-0.027297
-0.011462
0.017625
0.059064
0.108477
0.168839
0.243202
0.322089
0.400590
0.482498
0.565307
0.646661
0.725180
0.791710
0.842270
0.882620
0.914897
0.935346
0.940034
0.930809
0.910661
0.877092
0.834420
0.784980
0.715982
0.635163
0.561838
0.478412
0.377255
0.284216
0.186223
0.064240
-0.043354
-0.122065
-0.204660
-0.286697
-0.350579
-0.413187
-0.475623
-0.516880
-0.538209
-0.548717
-0.543678
-0.521284
-0.487453
-0.443064
-0.386790
-0.324545
-0.260316
-0.191837
-0.123944
-0.061820
-0.002351
0.050674
0.092664
0.127917
0.153313
0.165855
0.168301
0.151625
0.117337
0.080150
0.025735
-0.056356
-0.139019
-0.217445
-0.309204
-0.401199
-0.481254
-0.554783
-0.610596
-0.645364
-0.674959
-0.693296
-0.686830
-0.662612
-0.624210
-0.567423
-0.496913
-0.418554
-0.335463
-0.251963
-0.171667
-0.099504
-0.037712
0.016636
0.060088
0.086065
0.096923
0.095978
0.081152
0.049908
0.000861
-0.062576
-0.136100
-0.221951
-0.315185
-0.403094
-0.488189
-0.575695
-0.651750
-0.705484
-0.741364
-0.761719
-0.764891
-0.749145
-0.713193
-0.662023
-0.599338
-0.523973
-0.441629
-0.358873
-0.277308
-0.202633
-0.138311
-0.083352
-0.041754
-0.014230
0.002605
0.006248
-0.004719
-0.031025
-0.074682
-0.128175
-0.187423
-0.261086
-0.347485
-0.433605
-0.511591
-0.578175
-0.635793
-0.687399
-0.729147
-0.760339
-0.779740
-0.782526
-0.775299
-0.762074
-0.735471
-0.702792
-0.674549
-0.643683
-0.610707
-0.585640
-0.566537
-0.551269
-0.545057
-0.548754
-0.558913
-0.573524
-0.594539
-0.621815
-0.648339
-0.672481
-0.696510
-0.714038
-0.721306
-0.720590
-0.708054
-0.680781
-0.642295
-0.594600
-0.534075
-0.455587
-0.366527
-0.276946
-0.177839
-0.070351
0.024806
0.111760
0.199767
0.270664
0.321706
0.365841
0.396338
0.409758
0.409399
0.390222
0.357204
0.310890
0.242305
0.164274
0.081756
-0.017945
-0.114939
-0.193813
-0.279440
-0.370130
-0.443245
-0.511111
-0.578720
-0.625717
-0.655564
-0.680187
-0.691589
-0.689021
-0.682710
-0.672510
-0.655091
-0.634837
-0.616523
-0.599352
-0.582698
-0.571119
-0.566908
-0.566243
-0.569063
-0.579391
-0.594287
-0.608656
-0.626447
-0.649571
-0.668820
-0.681927
-0.695376
-0.703276
-0.698790
-0.690026
-0.678523
-0.657573
-0.630211
-0.596706
-0.554587
-0.513522
-0.475060
-0.428834
-0.379978
-0.340331
-0.309549
-0.282693
-0.254947
-0.226979
-0.204460
-0.184176
-0.165495
-0.158623
-0.160462
-0.159318
-0.155151
-0.147332
-0.132285
-0.111009
-0.081592
-0.047054
-0.015259
0.020149
0.066138
0.117028
0.172740
0.236921
0.305697
0.373935
0.435430
0.486602
0.530215
0.564771
0.587952
0.599106
0.590909
0.564562
0.529069
0.478261
0.409980
0.335278
0.248463
0.143445
0.036355
-0.066708
-0.174514
-0.283605
-0.386462
-0.482317
-0.568816
-0.642581
-0.701053
-0.740399
-0.757818
-0.753851
-0.730446
-0.685952
-0.620373
-0.542285
-0.456235
-0.360054
-0.255584
-0.140046
-0.013000
0.106506
0.208021
0.301884
0.386862
0.454692
0.507313
0.543235
0.561674
0.566753
0.552692
0.515992
0.464630
0.400229
0.319971
0.228357
0.134403
0.043055
-0.052969
-0.156304
-0.251202
-0.332907
-0.409064
-0.471560
-0.518230
-0.561291
-0.594710
-0.609902
-0.614360
-0.606889
-0.585189
-0.559561
-0.531982
-0.500856
-0.472405
-0.446563
-0.422710
-0.406958
-0.399249
-0.397702
-0.404533
-0.418752
-0.440135
-0.469397
-0.503104
-0.540710
-0.581906
-0.620612
-0.655337
-0.686840
-0.707579
-0.714888
-0.715842
-0.707037
-0.678965
-0.635785
-0.578900
-0.498731
-0.404518
-0.313335
-0.217721
-0.113753
-0.012871
0.091600
0.202776
0.299536
0.378149
0.448424
0.503442
0.542708
0.571896
0.580678
0.565321
0.534094
0.485702
0.417713
0.333845
0.236863
0.131420
0.023638
-0.082872
-0.188113
-0.291808
-0.385904
-0.465671
-0.534000
-0.584323
-0.612866
-0.626412
-0.618220
-0.584239
-0.537801
-0.477940
-0.400046
-0.317132
-0.233200
-0.146060
-0.061902
0.020036
0.097440
0.160834
0.213311
0.257237
0.287279
0.303789
0.303890
0.282650
0.241803
0.184298
0.116112
0.035739
-0.064322
-0.170922
-0.273919
-0.382644
-0.486949
-0.573851
-0.651113
-0.712409
-0.752215
-0.780949
-0.787999
-0.765781
-0.728632
-0.671905
-0.590747
-0.499242
-0.396109
-0.278208
-0.153738
-0.022386
0.109791
0.236910
0.369239
0.496628
0.596627
0.676066
0.745001
0.794825
0.820549
0.824460
0.807000
0.767012
0.709323
0.643356
0.565949
0.473556
0.378094
0.279970
0.174235
0.078562
0.003690
-0.056836
-0.099454
-0.124065
-0.137592
-0.133323
-0.107377
-0.066617
-0.012163
0.054975
0.131188
0.216152
0.307028
0.400946
0.495892
0.584060
0.660113
0.724190
0.772341
0.800334
0.809349
0.799472
0.767672
0.716749
0.656026
0.586884
0.504496
0.413981
0.321747
0.228133
0.142625
0.075033
0.020045
-0.024531
-0.051341
-0.059477
-0.051166
-0.025336
0.015807
0.069592
0.136756
0.213828
0.295295
0.382506
0.474252
0.560659
0.638157
0.707295
0.760283
0.794505
0.813697
0.812410
0.789926
0.754751
0.704998
0.638823
0.564164
0.483587
0.399516
0.318950
0.241706
0.168093
0.104486
0.054505
0.021050
0.005105
0.004334
0.021160
0.055056
0.097692
0.148287
0.211408
0.282796
0.356031
0.431845
0.509828
0.581979
0.643834
0.697768
0.739306
0.762448
0.771217
0.766496
0.745420
0.714366
0.677852
0.631813
0.575472
0.514808
0.458639
0.409990
0.365169
0.324963
0.288595
0.253276
0.228862
0.218826
0.211751
0.211284
0.223911
0.235843
0.240209
0.244207
0.247336
0.244543
0.234438
0.217572
0.190709
0.147265
0.093690
0.038468
-0.029654
-0.111838
-0.187601
-0.253381
-0.319887
-0.387348
-0.451329
-0.503563
-0.535518
-0.550737
-0.552757
-0.537196
-0.504112
-0.457340
-0.396526
-0.320850
-0.236069
-0.148404
-0.054185
0.049210
0.156079
0.264228
0.368552
0.458497
0.535720
0.603459
0.656188
0.695627
0.722340
0.728558
0.717022
0.695880
0.665239
0.622677
0.568314
0.509477
0.452846
0.394908
0.336556
0.281447
0.227450
0.182541
0.152028
0.124754
0.101503
0.090232
0.086656
0.090990
0.100267
0.102855
0.104923
0.114343
0.121513
0.122825
0.119073
0.106511
0.087869
0.061556
0.019771
-0.032675
-0.086903
-0.144251
-0.207845
-0.272860
-0.334122
-0.399006
-0.471720
-0.539819
-0.598779
-0.652359
-0.693824
-0.722758
-0.745127
-0.758028
-0.762249
-0.756603
-0.734773
-0.704351
-0.668600
-0.622419
-0.574792
-0.523149
-0.456383
-0.386844
-0.314127
-0.227770
-0.150370
-0.087653
-0.015750
0.055488
0.114825
0.180660
0.246543
0.298243
0.351795
0.408865
0.453194
0.490868
0.531036
0.565237
0.588118
0.604651
0.618333
0.626610
0.627910
0.625421
0.617810
0.601427
0.581545
0.559361
0.524013
0.476083
0.428459
0.378495
0.318220
0.259633
0.209423
0.150406
0.078794
0.010839
-0.054595
-0.125908
-0.195441
-0.262943
-0.334635
-0.398779
-0.449268
-0.496272
-0.536172
-0.565060
-0.595997
-0.625745
-0.640020
-0.645435
-0.645779
-0.633241
-0.615210
-0.597043
-0.569346
-0.532252
-0.489759
-0.441265
-0.391022
-0.336134
-0.273494
-0.214214
-0.157112
-0.093917
-0.034445
0.021935
0.087204
0.153830
0.216499
0.278011
0.330082
0.377332
0.430974
0.479372
0.519585
0.564037
0.605192
0.635071
0.662505
0.686870
0.701894
0.710958
0.715598
0.711497
0.697861
0.679372
0.654009
0.612819
0.563971
0.519128
0.463117
0.389646
0.315944
0.237169
0.145966
0.060366
-0.022026
-0.113714
-0.197331
-0.267729
-0.337210
-0.394675
-0.438297
-0.482809
-0.514115
-0.520903
-0.520092
-0.510611
-0.482371
-0.445326
-0.399216
-0.335977
-0.265954
-0.195412
-0.119285
-0.040345
0.039333
0.122579
0.206331
0.286023
0.360602
0.429590
0.489041
0.533537
0.567301
0.595549
0.611879
0.616364
0.613678
0.596215
0.566635
0.537121
0.501960
0.458130
0.410332
0.349823
0.282661
0.224672
0.159881
0.082201
0.016554
-0.042297
-0.113833
-0.183005
-0.241343
-0.305357
-0.376557
-0.443191
-0.499611
-0.545724
-0.587752
-0.629670
-0.667657
-0.698407
-0.717393
-0.722354
-0.719056
-0.705898
-0.677000
-0.638852
-0.592282
-0.528127
-0.453570
-0.377246
-0.288884
-0.190564
-0.099912
-0.013711
0.077245
0.163149
0.240502
0.314510
0.377598
0.427222
0.468671
0.493190
0.498263
0.493993
0.474021
0.434194
0.386578
0.326824
0.250948
0.176755
0.101309
0.007634
-0.090409
-0.175696
-0.250701
-0.313273
-0.363606
-0.409948
-0.448266
-0.471393
-0.481669
-0.481975
-0.474696
-0.460123
-0.438919
-0.419751
-0.403702
-0.383298
-0.365702
-0.359088
-0.357195
-0.361192
-0.377559
-0.400139
-0.424433
-0.456107
-0.497541
-0.545169
-0.595422
-0.645413
-0.689577
-0.722620
-0.747385
-0.765675
-0.769321
-0.756000
-0.731835
-0.694282
-0.636962
-0.560903
-0.470016
-0.370854
-0.270974
-0.167970
-0.056411
0.052842
0.144603
0.225395
0.305269
0.373763
0.426019
0.469624
0.495620
0.496583
0.483238
0.453876
0.405571
0.352745
0.290473
0.203039
0.103762
0.008976
-0.081078
-0.164842
-0.245640
-0.324142
-0.386622
-0.433814
-0.478034
-0.511060
-0.522203
-0.517500
-0.501953
-0.477964
-0.452543
-0.428729
-0.404567
-0.379476
-0.355940
-0.339035
-0.330636
-0.327173
-0.328767
-0.341107
-0.366371
-0.402815
-0.447846
-0.494220
-0.537166
-0.583362
-0.634711
-0.679954
-0.714745
-0.742238
-0.756693
-0.752981
-0.735847
-0.705286
-0.653696
-0.582400
-0.500906
-0.408058
-0.297845
-0.179278
-0.061674
0.057210
0.170927
0.272368
0.368661
0.458335
0.533964
0.597409
0.641713
0.660887
0.662513
0.641631
0.594389
0.533259
0.455089
0.356882
0.253684
0.142973
0.024180
-0.082188
-0.181556
-0.283669
-0.364470
-0.417978
-0.461337
-0.489011
-0.492501
-0.475467
-0.437085
-0.380516
-0.311690
-0.232187
-0.147868
-0.061984
0.025402
0.109581
0.190203
0.265773
0.330085
0.384155
0.423742
0.442581
0.448463
0.434183
0.383009
0.311368
0.239794
0.165931
0.088325
-0.001130
-0.105335
-0.197124
-0.272770
-0.356374
-0.427767
-0.457992
-0.465842
-0.462663
-0.436816
-0.395508
-0.344093
-0.275117
-0.196307
-0.116006
-0.031396
0.053314
0.134513
0.212999
0.281962
0.340449
0.392321
0.425849
0.434491
0.430723
0.412955
0.366952
0.298686
0.220904
0.133009
0.037148
-0.058885
-0.152285
-0.238535
-0.311946
-0.372971
-0.419654
-0.446025
-0.452200
-0.441114
-0.411480
-0.362373
-0.297970
-0.224123
-0.143974
-0.059907
0.024677
0.107598
0.186893
0.260619
0.326599
0.379390
0.418719
0.448532
0.457277
0.433705
0.389704
0.330990
0.252551
0.167831
0.082602
-0.016325
-0.117133
-0.200110
-0.275886
-0.350625
-0.409309
-0.447171
-0.467919
-0.468142
-0.445618
-0.404551
-0.349756
-0.283384
-0.208258
-0.128455
-0.045577
0.037382
0.116801
0.192666
0.261408
0.320611
0.371532
0.404863
0.416669
0.414668
0.389402
0.338518
0.282882
0.214607
0.116331
0.007969
-0.098757
-0.208580
-0.308550
-0.398671
-0.488767
-0.565520
-0.624187
-0.672411
-0.701920
-0.707742
-0.693750
-0.660223
-0.611086
-0.548317
-0.472439
-0.386150
-0.286166
-0.180448
-0.079060
0.031645
0.147081
0.243732
0.333683
0.427040
0.504566
0.566916
0.620114
0.655314
0.678807
0.693229
0.689801
0.676830
0.656439
0.619101
0.573168
0.525373
0.469451
0.407344
0.344265
0.278834
0.206134
0.128436
0.060083
0.002038
-0.057545
-0.116406
-0.175959
-0.239984
-0.292217
-0.334718
-0.385876
-0.431448
-0.462120
-0.496938
-0.533818
-0.561645
-0.587284
-0.609746
-0.623932
-0.633123
-0.636203
-0.632697
-0.623702
-0.607437
-0.586076
-0.555986
-0.513069
-0.467306
-0.417291
-0.352631
-0.285771
-0.226852
-0.166291
-0.102033
-0.033619
0.043354
0.118031
0.182433
0.244712
0.305327
0.360163
0.412804
0.461136
0.499940
0.532767
0.562617
0.586390
0.602719
0.615014
0.625120
0.627924
0.621483
0.613347
0.604367
0.588407
0.568560
0.546110
0.514489
0.476986
0.436626
0.385904
0.330244
0.280320
0.226998
0.163140
0.096300
0.026674
-0.049236
-0.127928
-0.208440
-0.288384
-0.360074
-0.423538
-0.485070
-0.545006
-0.597462
-0.637652
-0.666010
-0.681957
-0.682170
-0.669814
-0.647287
-0.607882
-0.551768
-0.486714
-0.412706
-0.330826
-0.246755
-0.156162
-0.056828
0.037636
0.121949
0.207613
0.293509
0.365350
0.423523
0.474224
0.511812
0.535676
0.549158
0.544210
0.523228
0.497414
0.455341
0.392178
0.330396
0.270624
0.197587
0.122839
0.053115
-0.019814
-0.083666
-0.135246
-0.192359
-0.244026
-0.275366
-0.305444
-0.337174
-0.352273
-0.357652
-0.361181
-0.353583
-0.341038
-0.334018
-0.326926
-0.318363
-0.312791
-0.309603
-0.309230
-0.313201
-0.324159
-0.344043
-0.366231
-0.389784
-0.423852
-0.463461
-0.499039
-0.538324
-0.584056
-0.624394
-0.658087
-0.691189
-0.718272
-0.734489
-0.744377
-0.744656
-0.727956
-0.701121
-0.667209
-0.617882
-0.562346
-0.508406
-0.433311
-0.329929
-0.221224
-0.111237
0.002786
0.104859
0.194866
0.289445
0.387655
0.477653
0.554455
0.619839
0.674897
0.713900
0.734563
0.740363
0.729815
0.704836
0.669440
0.618656
0.555248
0.488675
0.416000
0.337989
0.264105
0.194304
0.128989
0.074228
0.029937
-0.003660
-0.024999
-0.035910
-0.033743
-0.017759
0.006878
0.044147
0.098706
0.160208
0.221926
0.291682
0.369373
0.442837
0.510668
0.577978
0.637580
0.683056
0.716556
0.734550
0.736053
0.726976
0.704457
0.666940
0.620466
0.563273
0.495044
0.422969
0.349787
0.279907
0.216694
0.155903
0.101392
0.059416
0.028231
0.010848
0.007214
0.011504
0.028607
0.060626
0.101484
0.151347
0.207045
0.265821
0.333969
0.408881
0.485144
0.562315
0.632703
0.695725
0.753343
0.793961
0.821788
0.845849
0.850828
0.837589
0.819477
0.783859
0.730324
0.673206
0.601781
0.512844
0.419986
0.319618
0.211522
0.108122
0.011553
-0.081845
-0.178080
-0.277032
-0.366343
-0.447515
-0.523427
-0.578043
-0.615155
-0.649599
-0.669754
-0.672833
-0.669938
-0.651527
-0.614957
-0.573821
-0.526430
-0.470405
-0.413072
-0.353955
-0.293558
-0.237026
-0.185184
-0.141560
-0.108916
-0.083945
-0.067597
-0.062709
-0.067715
-0.082005
-0.106265
-0.139864
-0.181548
-0.231090
-0.287952
-0.345879
-0.401552
-0.461517
-0.523590
-0.578667
-0.630172
-0.677432
-0.710182
-0.732998
-0.752351
-0.760465
-0.757437
-0.751127
-0.739942
-0.722256
-0.702665
-0.683468
-0.662797
-0.640488
-0.623004
-0.612884
-0.603374
-0.597511
-0.603052
-0.611029
-0.615286
-0.624202
-0.635766
-0.640903
-0.641102
-0.637181
-0.623976
-0.601393
-0.574267
-0.542947
-0.503449
-0.457295
-0.404754
-0.338100
-0.264927
-0.201700
-0.140305
-0.074400
-0.018664
0.029452
0.077252
0.109604
0.124444
0.132295
0.126610
0.104829
0.072807
0.029071
-0.021959
-0.076491
-0.139242
-0.204895
-0.268429
-0.333138
-0.392940
-0.443254
-0.486427
-0.515035
-0.523772
-0.517335
-0.495822
-0.455799
-0.396655
-0.322095
-0.235279
-0.133810
-0.027319
0.071576
0.177109
0.292706
0.391754
0.473602
0.551578
0.612169
0.652832
0.682866
0.690559
0.675159
0.648798
0.603566
0.538000
0.464372
0.377956
0.275449
0.168859
0.058815
-0.060427
-0.178806
-0.284029
-0.379940
-0.472761
-0.554509
-0.617362
-0.663914
-0.693209
-0.703658
-0.698459
-0.674019
-0.632296
-0.583626
-0.518993
-0.431323
-0.340550
-0.249756
-0.143213
-0.032805
0.069237
0.175447
0.281279
0.373031
0.459931
0.541027
0.599904
0.642352
0.676709
0.692625
0.689049
0.671189
0.633517
0.578617
0.513681
0.433474
0.341541
0.252299
0.161360
0.056700
-0.054496
-0.159291
-0.253844
-0.336434
-0.407564
-0.469075
-0.515801
-0.544239
-0.559153
-0.560321
-0.544652
-0.514377
-0.466953
-0.402503
-0.331220
-0.250637
-0.155540
-0.060342
0.032893
0.136995
0.238515
0.321080
0.396956
0.473427
0.539854
0.590785
0.627878
0.652980
0.665505
0.665251
0.657379
0.642401
0.616984
0.587151
0.556986
0.523193
0.488534
0.457238
0.429653
0.406589
0.388112
0.376781
0.373566
0.373232
0.377827
0.390920
0.405776
0.421243
0.439514
0.454452
0.465130
0.473544
0.474921
0.467581
0.453507
0.433801
0.406029
0.365320
0.318625
0.269908
0.205589
0.130090
0.057599
-0.022258
-0.107019
-0.180112
-0.253539
-0.331966
-0.399001
-0.461142
-0.524706
-0.575951
-0.616115
-0.652831
-0.679435
-0.692420
-0.696599
-0.693712
-0.680388
-0.658778
-0.634284
-0.597555
-0.545930
-0.496922
-0.446679
-0.383438
-0.322696
-0.266927
-0.203427
-0.137180
-0.067635
0.004727
0.067960
0.131638
0.197283
0.245905
0.291231
0.347557
0.397750
0.441520
0.483117
0.513003
0.538247
0.561197
0.574484
0.586840
0.595151
0.591002
0.586419
0.579017
0.560559
0.541549
0.517402
0.481763
0.448579
0.412691
0.361911
0.309403
0.259037
0.198431
0.132368
0.070999
0.006088
-0.071571
-0.152401
-0.227161
-0.301872
-0.376848
-0.447918
-0.521153
-0.591685
-0.647396
-0.696146
-0.744371
-0.782349
-0.807855
-0.825920
-0.834503
-0.827273
-0.805011
-0.777773
-0.744626
-0.695237
-0.634861
-0.569505
-0.496440
-0.422487
-0.346271
-0.261144
-0.186374
-0.129813
-0.067995
-0.001729
0.046390
0.077559
0.102266
0.117355
0.118176
0.108158
0.091799
0.067478
0.034538
-0.003729
-0.047641
-0.095806
-0.144227
-0.193386
-0.241568
-0.287262
-0.331514
-0.368309
-0.396886
-0.420754
-0.430426
-0.426984
-0.420453
-0.397652
-0.355057
-0.310980
-0.259349
-0.192054
-0.125751
-0.057925
0.027146
0.122115
0.220285
0.323596
0.421065
0.505344
0.586535
0.669708
0.745204
0.805923
0.856496
0.901233
0.935840
0.956318
0.964002
0.958034
0.935243
0.899614
0.856318
0.801099
0.733660
0.660579
0.579983
0.495253
0.415385
0.329020
0.233271
0.152022
0.086942
0.024181
-0.026821
-0.059021
-0.075665
-0.074225
-0.060904
-0.039561
-0.002730
0.045358
0.100384
0.165114
0.233591
0.306304
0.385704
0.460302
0.527478
0.589484
0.638892
0.674651
0.695187
0.697558
0.686710
0.655882
0.603078
0.541710
0.465925
0.380812
0.310402
0.235158
0.142009
0.066450
0.004622
-0.065112
-0.112998
-0.130016
-0.140328
-0.136165
-0.110308
-0.073845
-0.023560
0.039360
0.107264
0.183476
0.264019
0.344311
0.428644
0.507889
0.572781
0.630217
0.675053
0.691581
0.686022
0.671272
0.638584
0.584491
0.525943
0.459583
0.369980
0.274064
0.186121
0.094990
0.011420
-0.050488
-0.106997
-0.155689
-0.175530
-0.174961
-0.165075
-0.138864
-0.099775
-0.054925
-0.002519
0.056134
0.120568
0.192909
0.272061
0.360319
0.456856
0.549998
0.631676
0.696162
0.728237
0.719667
0.677073
0.601556
0.494209
0.375350
0.264426
0.164401
0.082672
0.030814
0.006489
0.002018
0.011615
0.026316
0.039533
0.047198
0.044472
0.032418
0.015256
-0.004110
-0.020021
-0.029086
-0.032252
-0.028747
-0.019923
-0.009642
0.000851
0.009203
0.013187
0.014257
0.012725
0.008910
0.005169
0.001781
-0.001132
-0.002579
-0.003293
-0.003240
-0.002388
-0.002177
-0.002224
-0.002244
-0.003022
-0.003335
-0.002963
-0.002960
-0.002338
-0.001534
-0.002229
-0.003161
-0.003280
-0.003243
-0.002372
-0.000905
-0.001260
-0.002787
-0.002028
-0.000177
-0.000908
-0.001833
0.000078
0.001621
0.001276
0.001359
0.001509
0.001279
0.001859
0.002541
0.002764
0.002838
0.002376
0.002027
0.002251
0.002401
0.002673
0.002737
0.002169
0.001918
0.001819
0.001534
0.001761
0.001787
0.001265
0.001046
0.000598
-0.000034
0.000060
0.000182
-0.000006
-0.000087
-0.000514
-0.001212
-0.001619
-0.001655
-0.001507
-0.001757
-0.002158
-0.002105
-0.002331
-0.002716
-0.002389
-0.002215
-0.002562
-0.002590
-0.002442
-0.002413
-0.002467
-0.002459
-0.001949
-0.001490
-0.001565
-0.001462
-0.001361
-0.001422
-0.000931
-0.000443
-0.000331
0.000056
0.000358
0.000433
0.000762
0.001060
0.001289
0.001481
0.001487
0.001838
0.002271
0.002262
0.002471
0.002730
0.002532
0.002490
0.002529
0.002393
0.002440
0.002377
0.002206
0.002293
0.002285
0.002063
0.001624
0.001074
0.001004
0.000960
0.000591
0.000651
0.000634
0.000111
-0.000103
-0.000372
-0.000872
-0.000967
-0.001169
-0.001394
-0.001339
-0.001855
-0.002307
-0.002077
-0.002252
-0.002347
-0.001946
-0.002265
-0.002725
-0.002571
-0.002602
-0.002575
-0.002272
-0.002172
-0.001990
-0.001987
-0.002297
-0.002010
-0.001354
-0.000889
-0.000516
-0.000636
-0.000843
-0.000353
0.000130
0.000341
0.000783
0.001138
0.001253
0.001301
0.001264
0.001417
0.001738
0.002049
0.002452
0.002630
0.002567
0.002600
0.002327
0.001983
0.002415
0.002941
0.002702
0.002305
0.002196
0.002036
0.001864
0.001905
0.001779
0.001304
0.001002
0.000744
0.000146
-0.000127
0.000061
-0.000051
-0.000371
-0.000731
-0.001302
-0.001617
-0.001603
-0.001641
-0.001688
-0.001902
-0.002272
-0.002475
-0.002640
-0.002537
-0.002122
-0.002198
-0.002537
-0.002587
-0.002725
-0.002604
-0.002036
-0.001814
-0.001772
-0.001687
-0.001876
-0.001697
-0.001069
-0.000798
-0.000634
-0.000290
-0.000054
0.000081
0.000124
0.000419
0.001091
0.001386
0.001455
0.001724
0.001624
0.001649
0.002332
0.002554
0.002328
0.002489
0.002481
0.002259
0.002345
0.002311
0.002196
0.002376
0.002365
0.001995
0.001666
0.001492
0.001461
0.001480
0.001389
0.001109
0.000627
0.000264
0.000140
-0.000178
-0.000488
-0.000332
-0.000351
-0.001015
-0.001656
-0.001894
-0.001921
-0.001782
-0.001752
-0.002057
-0.002325
-0.002498
-0.002768
-0.002650
-0.002123
-0.002029
-0.002237
-0.002182
-0.002263
-0.002445
-0.002124
-0.001697
-0.001638
-0.001570
-0.001347
-0.001108
-0.000723
-0.000279
-0.000082
-0.000054
0.000180
0.000652
0.000997
0.001112
0.001241
0.001476
0.001755
0.002009
0.002173
0.002276
0.002324
0.002281
0.002210
0.002238
0.002480
0.002786
0.002790
0.002463
0.002073
0.001898
0.002087
0.002220
0.001880
0.001434
0.001165
0.000930
0.000765
0.000611
0.000379
0.000109
-0.000300
-0.000618
-0.000662
-0.000877
-0.001184
-0.001240
-0.001398
-0.001662
-0.001881
-0.002288
-0.002468
-0.002228
-0.002176
-0.002297
-0.002457
-0.002751
-0.002783
-0.002640
-0.002341
