0.000426
0.000120
-0.000048
-0.000137
0.000138
-0.000007
-0.000100
0.000322
0.000217
-0.000060
0.000022
-0.000046
0.000095
0.000271
0.000023
0.000056
0.000171
-0.000044
-0.000026
0.000077
0.000085
0.000079
-0.000136
-0.000034
0.000200
-0.000178
-0.000243
0.000166
0.000069
-0.000003
0.000108
-0.000119
-0.000124
0.000079
0.000095
0.000206
0.000155
-0.000111
-0.000172
-0.000152
-0.000020
0.000095
-0.000100
-0.000096
0.000081
0.000063
0.000219
0.000289
0.000056
0.000051
0.000024
-0.000125
-0.000041
-0.000141
-0.000350
-0.000233
-0.000101
0.000037
0.000173
0.000041
-0.000065
-0.000062
0.000012
0.000196
0.000058
-0.000128
-0.000030
-0.000246
-0.000365
-0.000017
0.000023
0.000056
0.000273
0.000035
-0.000071
0.000138
0.000053
0.000013
-0.000088
-0.000330
-0.000135
-0.000041
-0.000146
0.000111
0.000053
-0.000225
-0.000086
-0.000062
-0.000068
-0.000054
-0.000272
0.000052
0.000372
-0.000030
0.000094
0.000321
-0.000181
-0.000114
0.000176
-0.000084
0.000012
0.000001
-0.000349
-0.000071
0.000175
0.000080
0.000175
-0.000038
-0.000242
-0.000046
-0.000034
0.000169
0.000456
0.000109
-0.000128
0.000014
0.000007
-0.000016
-0.000112
-0.000081
0.000196
0.000108
0.000023
0.000113
-0.000205
-0.000233
0.000077
0.000025
0.000242
0.000379
-0.000142
-0.000260
-0.000153
-0.000318
-0.000151
-0.000084
-0.000140
0.000094
-0.000066
-0.000100
0.000282
-0.000006
-0.000173
0.000207
0.000041
-0.000105
-0.000109
-0.000401
-0.000019
0.000405
0.000143
0.000281
0.000261
-0.000282
-0.000232
-0.000063
0.000080
0.000419
0.000022
-0.000259
0.000132
-0.000135
-0.000311
0.000177
0.000205
0.000189
0.000139
-0.000301
-0.000120
0.000067
-0.000270
-0.000023
0.000116
-0.000171
0.000030
-0.000018
-0.000111
0.000346
0.000108
-0.000274
0.000133
0.000165
0.000045
0.000259
0.000072
-0.000050
0.000023
-0.000151
0.000037
0.000329
0.000210
0.000080
-0.000129
-0.000168
0.000067
-0.000061
-0.000083
0.000106
-0.000128
-0.000162
-0.000039
-0.000129
0.000197
0.000223
-0.000209
0.000107
0.000238
-0.000207
0.000038
0.000212
-0.000088
0.000037
0.000040
-0.000164
-0.000059
0.000008
0.000154
0.000170
-0.000115
0.000052
0.000104
-0.000176
0.000116
0.000093
-0.000204
0.000247
-0.000234
-0.001739
-0.002062
-0.001787
-0.001750
-0.001511
-0.001580
-0.001516
-0.000880
-0.000696
-0.000622
-0.000188
-0.000083
0.000123
0.000716
0.000977
0.000948
0.000996
0.001293
0.001779
0.002083
0.002209
0.002105
0.001998
0.002478
0.002719
0.002355
0.002546
0.002792
0.002438
0.002385
0.002396
0.002164
0.002133
0.001858
0.001602
0.001751
0.001491
0.001051
0.000750
0.000316
0.000401
0.000448
-0.000322
-0.000725
-0.000873
-0.001323
-0.001187
-0.001127
-0.001650
-0.001718
-0.001849
-0.002320
-0.002299
-0.002224
-0.002286
-0.002328
-0.002563
-0.002384
-0.002158
-0.002493
-0.002319
-0.002001
-0.002179
-0.001730
-0.001296
-0.001569
-0.001309
-0.000959
-0.001022
-0.000593
-0.000169
-0.000030
0.000278
0.000307
0.000458
0.001067
0.001336
0.001453
0.001635
0.001709
0.002072
0.002233
0.002033
0.002296
0.002522
0.002440
0.002587
0.002478
0.002252
0.002383
0.002307
0.002133
0.002006
0.001677
0.001613
0.001539
0.001160
0.001060
0.000866
0.000608
0.000745
0.000339
-0.000333
-0.000345
-0.000509
-0.000767
-0.000794
-0.001321
-0.001781
-0.001864
-0.002086
-0.001972
-0.002027
-0.002563
-0.002399
-0.002158
-0.002371
-0.002094
-0.002096
-0.002574
-0.002513
-0.002446
-0.002172
-0.001469
-0.001601
-0.001848
-0.001451
-0.001440
-0.001200
-0.000456
-0.000289
-0.000129
0.000235
0.000267
0.000481
0.000683
0.000805
0.001392
0.001669
0.001546
0.001750
0.001908
0.002085
0.002349
0.002299
0.002415
0.002464
0.002174
0.002348
0.002368
0.001976
0.002252
0.002431
0.002095
0.002110
0.001875
0.001409
0.001323
0.001013
0.000819
0.000788
0.000125
-0.000228
-0.000144
-0.000494
-0.000512
-0.000513
-0.001260
-0.001713
-0.001878
-0.002027
-0.001652
-0.001581
-0.001948
-0.002141
-0.002743
-0.003153
-0.002702
-0.002404
-0.002202
-0.001900
-0.002068
-0.002230
-0.002285
-0.002296
-0.001656
-0.001052
-0.000975
-0.000941
-0.001143
-0.001013
-0.000269
0.000041
0.000397
0.001045
0.000917
0.000735
0.001038
0.001191
0.001578
0.002009
0.002115
0.002288
0.002007
0.001646
0.002097
0.002452
0.002702
0.003060
0.002553
0.002133
0.002346
0.002012
0.001892
0.002190
0.001828
0.001626
0.001562
0.000869
0.000474
0.000398
0.000387
0.000744
0.000470
-0.000293
-0.000671
-0.001277
-0.001551
-0.001151
-0.001308
-0.001581
-0.001738
-0.002360
-0.002375
-0.001956
-0.002057
-0.002006
-0.002194
-0.002778
-0.002669
-0.002438
-0.002290
-0.001861
-0.002052
-0.002250
-0.001906
-0.002027
-0.001744
-0.000876
-0.000849
-0.000792
-0.000363
-0.000539
-0.000495
0.000010
0.000442
0.000982
0.001134
0.001183
0.001630
0.001606
0.001684
0.002322
0.002357
0.002357
0.002614
0.002229
0.002056
0.002230
0.002160
0.002541
0.002718
0.002281
0.002356
0.002325
0.001820
0.001613
0.001343
0.001245
0.001251
0.000585
0.000406
0.000663
0.000136
0.000002
0.000087
-0.000733
-0.001144
-0.001171
-0.001478
-0.001241
-0.001207
-0.001695
-0.001841
-0.002306
-0.002665
-0.002250
-0.002240
-0.002272
-0.002014
-0.002356
-0.002354
-0.001977
-0.002233
-0.002115
-0.001712
-0.001771
-0.001581
-0.001517
-0.001505
-0.000752
-0.000336
-0.000264
0.000169
0.000129
0.000141
0.000667
0.000808
0.001224
0.001813
0.001471
0.001229
0.001593
0.001946
0.002336
0.002371
0.002331
0.002643
0.002445
0.002185
0.002360
0.002242
0.002508
0.002950
0.002356
0.001844
0.001668
0.001007
0.001365
0.003016
0.003411
0.001807
0.000844
0.001815
0.001534
-0.000452
0.000112
0.001917
0.001290
0.000322
-0.000402
-0.001959
-0.002163
-0.001516
-0.001557
-0.001313
-0.001814
-0.002749
-0.002358
-0.002408
-0.002709
-0.002061
-0.002417
-0.002805
-0.002295
-0.003017
-0.003532
-0.003015
-0.003198
-0.002817
-0.002422
-0.003328
-0.002820
-0.001166
-0.000448
0.000346
0.000907
0.000923
0.001048
0.000432
-0.000157
-0.000461
-0.001728
-0.002304
-0.001852
-0.001441
0.000162
0.001787
0.002233
0.002221
-0.000457
-0.006519
-0.016644
-0.034180
-0.056524
-0.082916
-0.118462
-0.159393
-0.202605
-0.252838
-0.307278
-0.362764
-0.419896
-0.472033
-0.516767
-0.556298
-0.587317
-0.610077
-0.620852
-0.613245
-0.597109
-0.570812
-0.515798
-0.445101
-0.382280
-0.316947
-0.240209
-0.164420
-0.091540
-0.012351
0.073037
0.151990
0.210757
0.249963
0.279569
0.299796
0.303854
0.293371
0.273679
0.241648
0.196331
0.145713
0.090589
0.029076
-0.032141
-0.092136
-0.151684
-0.204778
-0.253265
-0.296871
-0.327931
-0.348828
-0.356899
-0.346529
-0.326517
-0.291495
-0.235894
-0.178584
-0.111738
-0.022352
0.058961
0.132851
0.230347
0.328764
0.408121
0.491299
0.575077
0.642940
0.699412
0.742647
0.771526
0.792675
0.805674
0.811804
0.807242
0.786474
0.760676
0.729951
0.684359
0.636833
0.592408
0.537951
0.480671
0.427661
0.364555
0.290872
0.222455
0.161416
0.098974
0.033200
-0.032137
-0.096900
-0.162041
-0.225552
-0.286315
-0.342753
-0.394074
-0.442117
-0.482927
-0.514375
-0.544692
-0.574362
-0.595730
-0.609426
-0.617478
-0.617712
-0.609258
-0.594061
-0.576279
-0.553502
-0.520457
-0.482702
-0.443065
-0.397502
-0.348322
-0.292829
-0.229320
-0.169269
-0.109927
-0.042038
0.023274
0.083668
0.150844
0.222709
0.294777
0.364076
0.425059
0.486950
0.557791
0.627373
0.688305
0.739220
0.781713
0.822056
0.854158
0.870477
0.879176
0.879305
0.862671
0.835435
0.797946
0.742090
0.673916
0.598427
0.509905
0.415771
0.329864
0.246844
0.159349
0.077049
0.003328
-0.068325
-0.130082
-0.173408
-0.202709
-0.214764
-0.204948
-0.181080
-0.146439
-0.099560
-0.043387
0.021657
0.093289
0.166775
0.242821
0.319748
0.393044
0.461235
0.520106
0.563600
0.588549
0.596467
0.588204
0.555564
0.502936
0.447791
0.378921
0.285516
0.193408
0.108388
0.020169
-0.052762
-0.115573
-0.189897
-0.248293
-0.272449
-0.284934
-0.283289
-0.254839
-0.209997
-0.153589
-0.086845
-0.014234
0.065688
0.147682
0.228508
0.312439
0.391576
0.459948
0.519032
0.559795
0.579192
0.581081
0.560226
0.520756
0.469983
0.401198
0.317451
0.229093
0.135136
0.039052
-0.051828
-0.134142
-0.200186
-0.250963
-0.291841
-0.310877
-0.304721
-0.287111
-0.254446
-0.200617
-0.138333
-0.071060
0.005577
0.084408
0.163302
0.243399
0.317034
0.384991
0.448238
0.493084
0.518254
0.531559
0.522631
0.488130
0.442815
0.386768
0.313937
0.233413
0.149259
0.057272
-0.033467
-0.109931
-0.175704
-0.237346
-0.286645
-0.318083
-0.336970
-0.339381
-0.322389
-0.295593
-0.256567
-0.201576
-0.143267
-0.081666
-0.012415
0.053392
0.117507
0.182719
0.237084
0.286472
0.333244
0.361976
0.381518
0.394193
0.379454
0.351063
0.319242
0.257047
0.171696
0.086664
-0.009360
-0.112272
-0.203274
-0.289946
-0.378556
-0.468419
-0.563194
-0.653915
-0.734635
-0.807395
-0.863814
-0.904087
-0.933873
-0.946970
-0.949112
-0.946415
-0.925515
-0.888993
-0.848218
-0.793791
-0.727707
-0.664289
-0.596637
-0.520090
-0.443504
-0.362273
-0.274452
-0.194620
-0.124296
-0.055667
0.002838
0.043748
0.076099
0.105866
0.128538
0.140754
0.142748
0.135542
0.119611
0.095323
0.065422
0.031340
-0.008444
-0.051673
-0.094718
-0.137889
-0.180529
-0.220833
-0.258836
-0.293038
-0.320401
-0.338921
-0.348245
-0.347939
-0.334995
-0.311726
-0.284924
-0.247196
-0.189811
-0.124664
-0.054947
0.034306
0.133764
0.220370
0.301278
0.390842
0.481835
0.571033
0.662910
0.745737
0.810282
0.868425
0.922671
0.959715
0.980829
0.992873
0.990019
0.971795
0.942042
0.895508
0.835271
0.770990
0.697844
0.613647
0.529967
0.446607
0.355401
0.265035
0.184168
0.104993
0.030026
-0.024688
-0.060537
-0.086801
-0.099476
-0.099226
-0.091552
-0.070795
-0.036004
0.006838
0.058689
0.116093
0.174546
0.239214
0.306911
0.369763
0.430361
0.484813
0.524095
0.551560
0.568715
0.568559
0.552603
0.528117
0.492504
0.440173
0.378104
0.311656
0.232894
0.148107
0.072876
-0.001911
-0.080444
-0.142109
-0.184950
-0.220316
-0.243042
-0.251363
-0.247901
-0.228563
-0.197762
-0.160198
-0.113065
-0.059876
-0.003292
0.056664
0.115322
0.172942
0.229348
0.279928
0.325504
0.362485
0.384811
0.394713
0.392211
0.379134
0.355414
0.311419
0.257171
0.199906
0.114864
0.014390
-0.067018
-0.155914
-0.264704
-0.356339
-0.445307
-0.553770
-0.646051
-0.720503
-0.802672
-0.868663
-0.907558
-0.944484
-0.974031
-0.982701
-0.982152
-0.973035
-0.945173
-0.906035
-0.864508
-0.810008
-0.736864
-0.660079
-0.579073
-0.480594
-0.385003
-0.308574
-0.228442
-0.147657
-0.089020
-0.033428
0.028645
0.070476
0.091620
0.102520
0.093927
0.070627
0.039884
-0.004715
-0.057031
-0.113914
-0.182249
-0.253899
-0.326247
-0.404277
-0.475272
-0.535883
-0.593267
-0.635414
-0.658660
-0.671309
-0.664003
-0.633921
-0.590762
-0.533255
-0.465061
-0.391353
-0.306152
-0.215284
-0.125943
-0.037483
0.034044
0.084291
0.133321
0.174365
0.189751
0.188738
0.173685
0.136888
0.086691
0.028041
-0.041675
-0.117937
-0.198881
-0.283453
-0.366970
-0.449836
-0.527406
-0.588767
-0.634155
-0.665655
-0.675000
-0.657975
-0.620837
-0.570902
-0.511099
-0.438574
-0.351175
-0.259047
-0.174945
-0.092860
-0.002710
0.081477
0.141327
0.180912
0.206860
0.213456
0.198629
0.167473
0.122884
0.065826
-0.000968
-0.074346
-0.153812
-0.238221
-0.323142
-0.405717
-0.483367
-0.551339
-0.605527
-0.641110
-0.657455
-0.656065
-0.629025
-0.580330
-0.528949
-0.466988
-0.383204
-0.298963
-0.216084
-0.116506
-0.017127
0.065701
0.137451
0.187678
0.215766
0.238831
0.247328
0.231117
0.202773
0.162355
0.106305
0.043552
-0.024994
-0.099385
-0.173585
-0.248562
-0.323090
-0.391150
-0.452768
-0.504850
-0.538754
-0.553392
-0.552902
-0.536489
-0.503181
-0.456945
-0.394604
-0.312476
-0.226840
-0.143963
-0.045868
0.057092
0.142420
0.229474
0.327464
0.409565
0.475171
0.537114
0.585517
0.620991
0.652408
0.672626
0.679521
0.678954
0.670415
0.653534
0.630792
0.606069
0.579294
0.544781
0.506713
0.469984
0.428049
0.386374
0.351663
0.310501
0.263721
0.223857
0.177152
0.113945
0.051200
-0.007088
-0.073574
-0.148226
-0.224433
-0.302965
-0.380582
-0.448175
-0.513201
-0.588556
-0.658802
-0.709852
-0.757218
-0.801810
-0.829425
-0.848217
-0.859394
-0.850163
-0.828427
-0.799255
-0.754912
-0.702555
-0.642762
-0.566004
-0.485201
-0.412102
-0.336439
-0.254340
-0.174564
-0.104863
-0.046048
0.005912
0.046395
0.071232
0.089502
0.101192
0.098221
0.084791
0.062905
0.030139
-0.008033
-0.050193
-0.097180
-0.145371
-0.196234
-0.247999
-0.295513
-0.342008
-0.384482
-0.416145
-0.441749
-0.460358
-0.465412
-0.459238
-0.441121
-0.409658
-0.368045
-0.313753
-0.250578
-0.185357
-0.110263
-0.024994
0.063651
0.162828
0.266179
0.358359
0.451625
0.552395
0.641101
0.712888
0.775589
0.829953
0.879644
0.922260
0.947535
0.958426
0.960116
0.946594
0.917400
0.879064
0.832308
0.774129
0.702240
0.618001
0.529724
0.443525
0.356463
0.269954
0.193834
0.129025
0.069146
0.016483
-0.024458
-0.052410
-0.062835
-0.056296
-0.039025
-0.010330
0.029400
0.075436
0.130223
0.194488
0.262368
0.333484
0.406708
0.474292
0.533423
0.585855
0.629013
0.656695
0.666680
0.663573
0.647408
0.613471
0.566958
0.511760
0.441879
0.362951
0.285597
0.205584
0.123848
0.052999
-0.006052
-0.060723
-0.110330
-0.146415
-0.160742
-0.155105
-0.136755
-0.106749
-0.066485
-0.019384
0.036497
0.100104
0.166138
0.234251
0.303197
0.369280
0.431929
0.488385
0.533347
0.562660
0.575264
0.577501
0.568737
0.535925
0.482725
0.423668
0.355616
0.276608
0.190201
0.090318
-0.010421
-0.094588
-0.183334
-0.285229
-0.371100
-0.440925
-0.510520
-0.567948
-0.615239
-0.663868
-0.696043
-0.707857
-0.719611
-0.727262
-0.720167
-0.707174
-0.690114
-0.663132
-0.630899
-0.598342
-0.562738
-0.521932
-0.476180
-0.423271
-0.364479
-0.309072
-0.256270
-0.196230
-0.135742
-0.081561
-0.021029
0.046851
0.110614
0.174354
0.240057
0.297327
0.346045
0.392447
0.436327
0.476809
0.514293
0.547430
0.572300
0.588468
0.601342
0.608245
0.604003
0.596885
0.588178
0.566768
0.536542
0.507163
0.475147
0.437711
0.396923
0.351897
0.300068
0.239640
0.173345
0.104203
0.032108
-0.038936
-0.111000
-0.193538
-0.280210
-0.360474
-0.436125
-0.506984
-0.579474
-0.661075
-0.731871
-0.780833
-0.826904
-0.867690
-0.888309
-0.898859
-0.902082
-0.886530
-0.855555
-0.812285
-0.754472
-0.691261
-0.627630
-0.554812
-0.468669
-0.378812
-0.297143
-0.219665
-0.137906
-0.065754
-0.018364
0.014041
0.040133
0.052504
0.047089
0.027441
-0.003214
-0.045143
-0.099173
-0.159879
-0.224420
-0.297972
-0.376884
-0.451985
-0.522915
-0.586553
-0.637302
-0.677677
-0.705041
-0.712527
-0.701964
-0.674130
-0.631362
-0.583355
-0.527713
-0.456839
-0.378009
-0.296879
-0.212652
-0.132002
-0.060202
0.002077
0.053329
0.094690
0.121070
0.125061
0.114209
0.094285
0.060318
0.015467
-0.036331
-0.097084
-0.162674
-0.230962
-0.302827
-0.372772
-0.439601
-0.502266
-0.552222
-0.590362
-0.619488
-0.629655
-0.618086
-0.593531
-0.559054
-0.511234
-0.446940
-0.372053
-0.296243
-0.213300
-0.114886
-0.011946
0.083777
0.172760
0.257588
0.339376
0.415906
0.483249
0.541170
0.590846
0.634075
0.669529
0.690657
0.699040
0.702299
0.699902
0.690674
0.676071
0.653613
0.623080
0.588295
0.554217
0.521738
0.480327
0.427634
0.376507
0.325030
0.267667
0.214750
0.160944
0.095508
0.033785
-0.021826
-0.089246
-0.159664
-0.218174
-0.274277
-0.329591
-0.375841
-0.421121
-0.469555
-0.509665
-0.542198
-0.574543
-0.597888
-0.608781
-0.618918
-0.625850
-0.620740
-0.611228
-0.599240
-0.575282
-0.543077
-0.510472
-0.474540
-0.432557
-0.384602
-0.328613
-0.263546
-0.194138
-0.127530
-0.061199
0.009500
0.079278
0.153707
0.244508
0.336226
0.412714
0.485182
0.556658
0.616935
0.670694
0.722533
0.764605
0.795619
0.819492
0.830757
0.824551
0.808766
0.786460
0.748737
0.700706
0.652040
0.590005
0.511113
0.433569
0.358406
0.281283
0.212748
0.150616
0.088145
0.035188
-0.004456
-0.034749
-0.051812
-0.054248
-0.045234
-0.025987
0.002560
0.041207
0.088692
0.141044
0.198546
0.260981
0.325624
0.390899
0.453649
0.512147
0.563479
0.601234
0.628716
0.648672
0.651524
0.637912
0.611769
0.564586
0.505019
0.449704
0.387017
0.307139
0.220611
0.126453
0.021739
-0.076187
-0.156022
-0.228909
-0.303527
-0.370031
-0.420862
-0.467268
-0.515808
-0.554808
-0.579046
-0.594844
-0.602840
-0.602341
-0.596732
-0.585717
-0.569531
-0.552862
-0.534111
-0.507604
-0.476994
-0.447235
-0.415589
-0.383462
-0.352524
-0.315959
-0.275560
-0.234915
-0.181125
-0.113596
-0.048177
0.019321
0.095616
0.170600
0.247758
0.335138
0.422521
0.506820
0.591723
0.666757
0.729193
0.790279
0.846442
0.885533
0.910258
0.924578
0.920979
0.900308
0.870157
0.822934
0.756844
0.688399
0.616627
0.531704
0.444037
0.355742
0.260965
0.176210
0.111994
0.060808
0.024028
0.001161
-0.011114
-0.005181
0.017452
0.051637
0.101963
0.160776
0.223246
0.301696
0.389465
0.471430
0.553344
0.634437
0.702079
0.754774
0.794745
0.820001
0.825298
0.808725
0.780177
0.738955
0.674237
0.599141
0.523763
0.434033
0.338709
0.257622
0.179985
0.101588
0.039976
-0.002758
-0.032004
-0.043978
-0.039092
-0.019986
0.014275
0.062267
0.120668
0.186611
0.260284
0.343277
0.429427
0.509884
0.583893
0.651128
0.704761
0.741331
0.764240
0.770088
0.751666
0.717899
0.677926
0.622075
0.550868
0.475411
0.388907
0.294818
0.213793
0.140599
0.066775
0.008067
-0.033186
-0.063721
-0.076343
-0.074484
-0.065349
-0.041640
-0.004208
0.041666
0.098909
0.161889
0.225161
0.294370
0.367660
0.438044
0.504320
0.563323
0.610772
0.646161
0.670056
0.681378
0.675569
0.650028
0.607582
0.554188
0.499324
0.441961
0.367930
0.279152
0.185892
0.080661
-0.035137
-0.143634
-0.243111
-0.337186
-0.419009
-0.490888
-0.561672
-0.631545
-0.695850
-0.749953
-0.793222
-0.825312
-0.841125
-0.843008
-0.836534
-0.816480
-0.782954
-0.742851
-0.690457
-0.623683
-0.554755
-0.485107
-0.408535
-0.331370
-0.258387
-0.184678
-0.113667
-0.054340
-0.006683
0.030305
0.054130
0.066325
0.066760
0.052947
0.027834
-0.008438
-0.057618
-0.114529
-0.180462
-0.258421
-0.336078
-0.408823
-0.485439
-0.559730
-0.623003
-0.677910
-0.717368
-0.734533
-0.737578
-0.726676
-0.693589
-0.642028
-0.578505
-0.499312
-0.399729
-0.286234
-0.171442
-0.059081
0.051352
0.152144
0.238171
0.315254
0.386766
0.446546
0.487773
0.509997
0.513977
0.497946
0.465503
0.422688
0.366697
0.293902
0.209500
0.121520
0.033088
-0.060122
-0.156719
-0.241225
-0.309710
-0.376103
-0.440171
-0.488796
-0.522006
-0.548232
-0.569443
-0.580814
-0.580056
-0.573758
-0.566441
-0.555974
-0.545199
-0.538907
-0.536824
-0.538521
-0.543962
-0.553807
-0.568493
-0.585424
-0.607234
-0.637161
-0.667274
-0.694305
-0.723268
-0.749350
-0.767709
-0.782049
-0.790754
-0.790544
-0.783119
-0.769325
-0.749741
-0.722355
-0.685346
-0.646275
-0.608870
-0.567942
-0.527529
-0.493917
-0.463314
-0.434899
-0.410280
-0.386456
-0.365999
-0.351742
-0.338367
-0.327906
-0.325992
-0.324433
-0.320079
-0.321861
-0.320129
-0.298964
-0.269731
-0.242505
-0.204479
-0.153916
-0.102259
-0.047160
0.016352
0.080984
0.141966
0.208027
0.285917
0.363840
0.430124
0.487254
0.529635
0.551857
0.565986
0.569502
0.550482
0.519494
0.477388
0.412388
0.337199
0.258901
0.167268
0.069029
-0.033757
-0.148753
-0.262994
-0.370606
-0.477613
-0.568481
-0.635698
-0.691981
-0.732769
-0.750467
-0.751083
-0.732050
-0.689736
-0.628887
-0.548596
-0.449572
-0.341462
-0.230600
-0.117504
-0.003997
0.105573
0.213547
0.326728
0.433127
0.513245
0.574425
0.628302
0.664163
0.678989
0.680965
0.661642
0.615922
0.559059
0.497232
0.424440
0.341190
0.243509
0.128236
0.014966
-0.080322
-0.166783
-0.246718
-0.311544
-0.366202
-0.412407
-0.440544
-0.453750
-0.456910
-0.440947
-0.406314
-0.364541
-0.315673
-0.257023
-0.194784
-0.132259
-0.069178
-0.008761
0.047568
0.099608
0.143905
0.179846
0.208241
0.226583
0.236004
0.235717
0.216480
0.178877
0.131586
0.072026
0.001741
-0.069521
-0.148366
-0.240747
-0.332941
-0.421026
-0.512421
-0.598883
-0.671429
-0.736268
-0.795094
-0.840631
-0.873038
-0.896101
-0.904281
-0.894404
-0.875401
-0.846117
-0.794780
-0.731065
-0.669093
-0.594639
-0.503224
-0.420973
-0.350604
-0.269943
-0.187348
-0.119634
-0.048802
0.034314
0.106263
0.160200
0.204762
0.233379
0.250193
0.268201
0.276970
0.274561
0.280071
0.289089
0.289275
0.290973
0.296041
0.295339
0.295492
0.304185
0.321644
0.351778
0.391722
0.431231
0.470065
0.514360
0.564573
0.616820
0.666323
0.709249
0.745409
0.775359
0.796853
0.809034
0.810798
0.796615
0.768857
0.735328
0.688549
0.623860
0.556609
0.488949
0.409888
0.329904
0.261464
0.197898
0.137259
0.085041
0.042818
0.014978
0.003686
0.004891
0.019015
0.046067
0.081078
0.126061
0.185543
0.253961
0.326748
0.406865
0.489163
0.563059
0.627818
0.683240
0.725340
0.755788
0.771898
0.767727
0.748291
0.713804
0.657415
0.585665
0.503822
0.406871
0.300922
0.197989
0.099186
-0.001928
-0.107522
-0.205638
-0.286238
-0.354666
-0.411908
-0.456005
-0.489403
-0.504790
-0.502115
-0.489740
-0.458442
-0.409135
-0.354056
-0.283501
-0.202295
-0.125228
-0.034599
0.065952
0.152477
0.244559
0.349074
0.435905
0.506665
0.575680
0.641262
0.704890
0.755318
0.784990
0.807721
0.821461
0.821871
0.816667
0.798313
0.766414
0.728442
0.677931
0.625936
0.580751
0.524647
0.463195
0.401998
0.326294
0.257156
0.208374
0.151173
0.089419
0.040348
-0.011540
-0.064512
-0.105220
-0.138388
-0.163461
-0.184267
-0.208555
-0.229176
-0.248892
-0.272731
-0.291379
-0.309631
-0.332600
-0.350984
-0.371073
-0.399318
-0.426393
-0.453180
-0.482884
-0.510681
-0.538131
-0.567395
-0.597468
-0.627023
-0.651945
-0.673506
-0.691882
-0.700913
-0.705677
-0.711031
-0.708676
-0.699598
-0.689923
-0.675056
-0.655277
-0.638371
-0.625206
-0.610278
-0.592978
-0.581036
-0.572545
-0.557107
-0.543696
-0.541923
-0.539010
-0.534981
-0.541486
-0.545422
-0.535332
-0.524362
-0.515901
-0.497255
-0.469079
-0.442367
-0.412578
-0.366897
-0.313014
-0.265519
-0.214114
-0.145519
-0.073711
-0.014559
0.039228
0.093784
0.136644
0.164018
0.188728
0.209373
0.216498
0.215646
0.206621
0.181329
0.146973
0.109183
0.063455
0.014592
-0.031932
-0.078379
-0.124201
-0.166582
-0.202796
-0.233649
-0.260324
-0.274326
-0.275108
-0.270788
-0.251867
-0.215019
-0.173963
-0.123448
-0.060379
0.000477
0.065631
0.139119
0.197989
0.241924
0.290075
0.339634
0.380877
0.413428
0.440099
0.461440
0.472252
0.474293
0.472504
0.462223
0.450202
0.446801
0.442382
0.437263
0.441963
0.448096
0.454176
0.470016
0.490672
0.514680
0.546313
0.578891
0.610749
0.643271
0.672157
0.698921
0.720647
0.731672
0.737510
0.734629
0.716667
0.693970
0.664048
0.615170
0.558708
0.501245
0.429902
0.344857
0.257430
0.173290
0.094894
0.018406
-0.062378
-0.146049
-0.226034
-0.295096
-0.352855
-0.404724
-0.448895
-0.485458
-0.520878
-0.548027
-0.560720
-0.571269
-0.580419
-0.579330
-0.576723
-0.573314
-0.558024
-0.540945
-0.527410
-0.501846
-0.467197
-0.433066
-0.392100
-0.347443
-0.302498
-0.243989
-0.176224
-0.111392
-0.038978
0.046873
0.135359
0.216309
0.286078
0.359730
0.449679
0.534458
0.597743
0.649453
0.692832
0.729071
0.758851
0.767907
0.757574
0.741926
0.711281
0.660249
0.603539
0.540954
0.465512
0.384143
0.303178
0.224508
0.151110
0.085450
0.030294
-0.013280
-0.045049
-0.064042
-0.070542
-0.063043
-0.041899
-0.008882
0.040946
0.103336
0.166331
0.238501
0.325654
0.410951
0.492208
0.575105
0.646147
0.702344
0.751411
0.783567
0.794483
0.793151
0.773984
0.729037
0.669036
0.603947
0.527288
0.432502
0.325056
0.209579
0.088409
-0.024992
-0.119540
-0.200519
-0.274687
-0.343643
-0.404178
-0.447956
-0.475844
-0.491606
-0.487592
-0.465408
-0.435426
-0.392954
-0.334764
-0.269392
-0.198272
-0.120655
-0.038361
0.051342
0.141204
0.214756
0.275264
0.343037
0.419724
0.485372
0.537878
0.592636
0.640277
0.668691
0.698260
0.733733
0.753907
0.765393
0.780049
0.785483
0.784014
0.784319
0.775498
0.757913
0.739619
0.712508
0.675508
0.634887
0.585477
0.526476
0.461991
0.387723
0.301995
0.209603
0.116999
0.029555
-0.057682
-0.148186
-0.231855
-0.305950
-0.373979
-0.426799
-0.459972
-0.480278
-0.487017
-0.479402
-0.459623
-0.420136
-0.359870
-0.289967
-0.207422
-0.104024
0.007710
0.116066
0.227733
0.341060
0.443282
0.536310
0.622862
0.689722
0.734441
0.766406
0.781004
0.775030
0.755556
0.718171
0.660885
0.596428
0.526542
0.447137
0.366719
0.290840
0.219201
0.154907
0.099149
0.055462
0.028705
0.015281
0.014449
0.029075
0.053673
0.087367
0.135377
0.192252
0.252904
0.321459
0.394861
0.464465
0.530764
0.595756
0.652100
0.696060
0.734610
0.766008
0.781381
0.786689
0.787010
0.774076
0.752033
0.730711
0.704594
0.674207
0.648793
0.624786
0.597753
0.570882
0.543591
0.517781
0.500702
0.492417
0.486366
0.480279
0.477151
0.474568
0.465297
0.450887
0.434609
0.411214
0.381458
0.353576
0.326994
0.293737
0.252582
0.214196
0.181638
0.140950
0.095535
0.062718
0.030837
-0.010687
-0.043430
-0.067293
-0.095189
-0.116437
-0.127085
-0.137099
-0.144853
-0.152943
-0.169294
-0.189345
-0.208599
-0.227647
-0.246252
-0.267030
-0.293341
-0.329014
-0.371799
-0.409704
-0.444409
-0.485689
-0.525407
-0.559326
-0.593818
-0.620373
-0.633402
-0.640763
-0.638772
-0.621512
-0.594613
-0.558526
-0.507973
-0.444284
-0.372401
-0.292111
-0.202130
-0.112067
-0.029481
0.052850
0.134294
0.208038
0.281540
0.353856
0.411620
0.456634
0.491439
0.509689
0.515089
0.508511
0.483211
0.445858
0.401984
0.342943
0.269443
0.190788
0.104343
0.008119
-0.087175
-0.180280
-0.279397
-0.374752
-0.456381
-0.534985
-0.608151
-0.663652
-0.714097
-0.764777
-0.798187
-0.815624
-0.826794
-0.826153
-0.813632
-0.792135
-0.759437
-0.719455
-0.672489
-0.617980
-0.564400
-0.508785
-0.445795
-0.386431
-0.328989
-0.262923
-0.201781
-0.155416
-0.111497
-0.070289
-0.038836
-0.007191
0.022683
0.034578
0.039083
0.051095
0.057365
0.059348
0.073966
0.088702
0.097595
0.115376
0.127177
0.127844
0.150007
0.188929
0.221331
0.267244
0.331690
0.389731
0.444080
0.500079
0.545964
0.586473
0.628033
0.663509
0.690152
0.705950
0.709252
0.701755
0.679042
0.641854
0.596907
0.540411
0.472960
0.404140
0.332220
0.255079
0.181909
0.117744
0.061954
0.015682
-0.019701
-0.042491
-0.053159
-0.053687
-0.040802
-0.011300
0.033359
0.094959
0.173764
0.258391
0.340132
0.424665
0.512890
0.593878
0.666249
0.734370
0.788531
0.819662
0.831067
0.821599
0.789302
0.740938
0.675764
0.589511
0.488973
0.374071
0.242421
0.113851
-0.002052
-0.120833
-0.233045
-0.321766
-0.408345
-0.497131
-0.559363
-0.599031
-0.626091
-0.623416
-0.601064
-0.575079
-0.529236
-0.470587
-0.414592
-0.338710
-0.241754
-0.150784
-0.066236
0.012531
0.076520
0.131305
0.175004
0.205059
0.231612
0.245771
0.239416
0.229765
0.220541
0.203418
0.183743
0.164985
0.146879
0.131826
0.121007
0.119677
0.127337
0.140859
0.171892
0.220641
0.273247
0.335934
0.411355
0.483115
0.548309
0.608243
0.657740
0.702652
0.743025
0.768604
0.779137
0.771800
0.741165
0.694516
0.633682
0.553160
0.459494
0.359807
0.251764
0.138836
0.032792
-0.065172
-0.166013
-0.266626
-0.352469
-0.424857
-0.486051
-0.527593
-0.552792
-0.564420
-0.555554
-0.531738
-0.494397
-0.438038
-0.377703
-0.317786
-0.244549
-0.170935
-0.107627
-0.040784
0.022802
0.073377
0.120840
0.156783
0.173806
0.187017
0.193288
0.186390
0.182374
0.182762
0.179475
0.177819
0.177380
0.178868
0.186901
0.192979
0.205896
0.246799
0.298129
0.341004
0.393578
0.458395
0.519148
0.579503
0.637952
0.681527
0.715370
0.742566
0.751929
0.745523
0.731085
0.703273
0.658005
0.598979
0.530071
0.455123
0.376604
0.297225
0.222988
0.156616
0.098516
0.052990
0.020478
-0.002522
-0.012199
-0.004898
0.015943
0.051085
0.101857
0.163323
0.238616
0.332013
0.428016
0.510833
0.583690
0.650785
0.709608
0.757058
0.787847
0.800397
0.795343
0.768370
0.722874
0.666143
0.593212
0.505838
0.416838
0.325972
0.233777
0.152833
0.083776
0.023624
-0.020192
-0.050244
-0.070663
-0.070910
-0.050653
-0.018676
0.030701
0.099220
0.177421
0.266069
0.362180
0.451220
0.534793
0.618360
0.688555
0.741874
0.786964
0.813644
0.813228
0.795638
0.760757
0.703338
0.630928
0.545399
0.446113
0.344860
0.248403
0.156143
0.072429
-0.000971
-0.063001
-0.108842
-0.139354
-0.155608
-0.154532
-0.137258
-0.102659
-0.046148
0.028300
0.112802
0.204717
0.304947
0.410553
0.509770
0.596406
0.676152
0.746924
0.801652
0.838641
0.849676
0.833112
0.801705
0.750593
0.669369
0.573518
0.473368
0.360973
0.238822
0.110180
-0.026597
-0.156952
-0.270189
-0.376591
-0.478282
-0.565580
-0.635743
-0.685152
-0.709256
-0.712618
-0.698220
-0.666804
-0.623350
-0.563600
-0.482052
-0.391122
-0.300078
-0.206848
-0.118293
-0.035028
0.053626
0.136942
0.196240
0.236012
0.264616
0.280078
0.280295
0.264493
0.235456
0.196291
0.146533
0.090437
0.030302
-0.035981
-0.102256
-0.166694
-0.233166
-0.293880
-0.347149
-0.397454
-0.434841
-0.458752
-0.475343
-0.473208
-0.455031
-0.429999
-0.381763
-0.315644
-0.254626
-0.183307
-0.095230
-0.012098
0.079229
0.191263
0.294663
0.383245
0.475045
0.558152
0.621049
0.677704
0.731443
0.773095
0.804571
0.828712
0.838428
0.831853
0.816141
0.791902
0.757541
0.719513
0.676819
0.622146
0.562632
0.504290
0.439836
0.376360
0.328313
0.284716
0.233896
0.189930
0.157584
0.121979
0.086085
0.062613
0.042639
0.016715
-0.006909
-0.024401
-0.038667
-0.047453
-0.053970
-0.067747
-0.088751
-0.108642
-0.124949
-0.144138
-0.169022
-0.195250
-0.225719
-0.264338
-0.301849
-0.336487
-0.378216
-0.421805
-0.461654
-0.508702
-0.558769
-0.597985
-0.635788
-0.677447
-0.708071
-0.729751
-0.753675
-0.771140
-0.776608
-0.777039
-0.770287
-0.752557
-0.727414
-0.695073
-0.652216
-0.596255
-0.532251
-0.470319
-0.402320
-0.317544
-0.230022
-0.142476
-0.043304
0.050585
0.131403
0.222090
0.313905
0.383937
0.446701
0.510376
0.559985
0.593819
0.612379
0.611493
0.596718
0.570332
0.529853
0.477093
0.412356
0.337680
0.255897
0.168159
0.080897
-0.006721
-0.100610
-0.190475
-0.270726
-0.349746
-0.420923
-0.475928
-0.521323
-0.555929
-0.575629
-0.583770
-0.577445
-0.558108
-0.533889
-0.498197
-0.448847
-0.402511
-0.358787
-0.303264
-0.244935
-0.194007
-0.141217
-0.092176
-0.057149
-0.020868
0.017584
0.040877
0.060897
0.086876
0.102379
0.113794
0.132874
0.147338
0.161115
0.186654
0.216319
0.244661
0.267933
0.285874
0.314448
0.351604
0.383504
0.419544
0.460747
0.497830
0.538340
0.577216
0.603452
0.626193
0.643020
0.647760
0.654700
0.665242
0.668417
0.666842
0.665332
0.665921
0.667105
0.665772
0.669747
0.679636
0.686928
0.699196
0.718259
0.733268
0.749301
0.768834
0.782688
0.792611
0.799753
0.800618
0.793990
0.772740
0.740070
0.705250
0.660138
0.606881
0.557560
0.501431
0.433231
0.362113
0.285874
0.213304
0.158268
0.108658
0.060704
0.031407
0.021451
0.022142
0.033856
0.057636
0.094174
0.142624
0.199347
0.264351
0.336583
0.410729
0.484580
0.557136
0.622388
0.674437
0.713785
0.738665
0.742715
0.730256
0.705820
0.659643
0.595338
0.527510
0.448671
0.356559
0.270416
0.190353
0.108118
0.036378
-0.019299
-0.065723
-0.097541
-0.107784
-0.098470
-0.072532
-0.033080
0.018921
0.083876
0.156880
0.234468
0.318993
0.407967
0.492991
0.569630
0.636146
0.688041
0.722911
0.740205
0.734857
0.705709
0.659844
0.599583
0.524108
0.439462
0.351204
0.259261
0.164337
0.072141
-0.009447
-0.077578
-0.131028
-0.165003
-0.180724
-0.181953
-0.164832
-0.130306
-0.084036
-0.024317
0.046759
0.122418
0.203278
0.288884
0.374813
0.458545
0.534546
0.597555
0.646163
0.676783
0.686361
0.674958
0.645131
0.601762
0.543331
0.464877
0.368992
0.259973
0.144625
0.034824
-0.068677
-0.174250
-0.279597
-0.371394
-0.440245
-0.491799
-0.532869
-0.555422
-0.557158
-0.545748
-0.516862
-0.470280
-0.416361
-0.349648
-0.264407
-0.171590
-0.074418
0.030173
0.135191
0.235291
0.332232
0.423417
0.501532
0.569326
0.635400
0.691157
0.728412
0.758119
0.777019
0.775972
0.769630
0.757651
0.728020
0.697186
0.665314
0.611045
0.551290
0.503510
0.448945
0.387664
0.335678
0.282227
0.219221
0.161306
0.109611
0.050571
-0.008404
-0.055851
-0.107896
-0.169943
-0.221323
-0.265471
-0.316849
-0.365587
-0.411005
-0.462474
-0.512295
-0.556633
-0.596882
-0.628731
-0.656211
-0.679973
-0.694341
-0.701990
-0.700038
-0.686258
-0.665061
-0.627590
-0.576693
-0.527858
-0.468629
-0.397249
-0.336175
-0.269146
-0.175078
-0.077762
0.010889
0.102145
0.187119
0.256439
0.320543
0.383426
0.433177
0.465421
0.490882
0.509747
0.512237
0.502852
0.484161
0.449594
0.406541
0.361236
0.308736
0.253883
0.200788
0.146209
0.095000
0.050116
0.009496
-0.023392
-0.048200
-0.066986
-0.075846
-0.072320
-0.059500
-0.039302
-0.006604
0.038870
0.086637
0.141949
0.214966
0.289293
0.361054
0.446905
0.532522
0.602676
0.670959
0.735277
0.788539
0.838577
0.877340
0.898721
0.912410
0.913429
0.898488
0.876758
0.843743
0.793430
0.729499
0.654436
0.574718
0.494554
0.412018
0.329805
0.243784
0.145948
0.045991
-0.043048
-0.122782
-0.199858
-0.273654
-0.333809
-0.374879
-0.404229
-0.426166
-0.438159
-0.438828
-0.428853
-0.410782
-0.383421
-0.345714
-0.304082
-0.258852
-0.208160
-0.159760
-0.113148
-0.064939
-0.022979
0.013173
0.045782
0.068751
0.086263
0.097334
0.092773
0.082454
0.068016
0.034707
-0.008808
-0.054674
-0.115215
-0.184639
-0.254029
-0.333560
-0.416258
-0.484924
-0.550537
-0.626532
-0.698967
-0.757843
-0.812564
-0.858443
-0.882920
-0.896975
-0.906042
-0.896422
-0.872756
-0.843063
-0.798686
-0.744147
-0.685702
-0.614257
-0.532142
-0.444569
-0.348903
-0.256370
-0.175978
-0.097575
-0.013005
0.074048
0.153212
0.222956
0.290912
0.345494
0.376243
0.400689
0.420536
0.420615
0.410107
0.395617
0.368133
0.332205
0.292901
0.247301
0.198910
0.149505
0.099434
0.052099
0.006643
-0.035176
-0.069950
-0.099162
-0.120971
-0.134933
-0.143138
-0.140834
-0.126292
-0.099685
-0.056622
-0.002444
0.055582
0.119735
0.189783
0.268234
0.356215
0.439345
0.515133
0.596060
0.673897
0.736144
0.789830
0.835536
0.863040
0.875434
0.879397
0.866425
0.834809
0.799751
0.754457
0.680916
0.599573
0.526296
0.439430
0.344472
0.260162
0.165508
0.057870
-0.036618
-0.122095
-0.199238
-0.251640
-0.295267
-0.343087
-0.377621
-0.400597
-0.423529
-0.437042
-0.438069
-0.434650
-0.428212
-0.420323
-0.414104
-0.410696
-0.411095
-0.414514
-0.423782
-0.442578
-0.464568
-0.486108
-0.513805
-0.547230
-0.580164
-0.614763
-0.654136
-0.693114
-0.726461
-0.755339
-0.778412
-0.788585
-0.787847
-0.783634
-0.768925
-0.737589
-0.699411
-0.655132
-0.597747
-0.535238
-0.472620
-0.405533
-0.340429
-0.280978
-0.222360
-0.171495
-0.133804
-0.103792
-0.083745
-0.076950
-0.080440
-0.095764
-0.121336
-0.152950
-0.194342
-0.244823
-0.298663
-0.356602
-0.417401
-0.476153
-0.531430
-0.582661
-0.627778
-0.661037
-0.681596
-0.697770
-0.703538
-0.688101
-0.664954
-0.640092
-0.599144
-0.546747
-0.493239
-0.435393
-0.381756
-0.338507
-0.293089
-0.244138
-0.199996
-0.158751
-0.119437
-0.087891
-0.067787
-0.053970
-0.040225
-0.033146
-0.032529
-0.024099
-0.014743
-0.015189
-0.007079
0.013725
0.028568
0.045206
0.078032
0.115777
0.154242
0.205451
0.269278
0.337412
0.409248
0.481855
0.545321
0.601972
0.663594
0.723829
0.769760
0.807044
0.838133
0.851884
0.849297
0.836886
0.809391
0.766517
0.713601
0.644170
0.556797
0.467185
0.377245
0.272758
0.163459
0.070030
-0.020143
-0.123631
-0.220946
-0.295973
-0.361933
-0.421063
-0.457810
-0.473045
-0.476175
-0.465174
-0.441456
-0.409621
-0.364694
-0.309151
-0.252819
-0.193261
-0.131396
-0.075482
-0.021937
0.028567
0.068406
0.102671
0.129464
0.139752
0.140330
0.131898
0.109843
0.082196
0.041298
-0.019795
-0.078079
-0.133422
-0.209112
-0.291642
-0.358659
-0.415734
-0.467195
-0.509363
-0.543807
-0.572191
-0.591217
-0.597689
-0.599482
-0.600660
-0.587933
-0.565059
-0.549610
-0.533855
-0.513483
-0.503278
-0.500186
-0.497435
-0.502196
-0.513759
-0.529822
-0.553660
-0.585243
-0.623192
-0.658990
-0.687918
-0.718399
-0.744256
-0.756112
-0.763036
-0.760570
-0.738966
-0.708095
-0.666698
-0.605965
-0.532298
-0.447602
-0.351410
-0.249289
-0.143560
-0.042215
0.051543
0.143990
0.224591
0.286526
0.340738
0.383058
0.408161
0.421724
0.416165
0.388670
0.346209
0.287233
0.220207
0.149352
0.061838
-0.030995
-0.117744
-0.216647
-0.316517
-0.387572
-0.443940
-0.502475
-0.547964
-0.575945
-0.597170
-0.609889
-0.608252
-0.597462
-0.584240
-0.566636
-0.545194
-0.527516
-0.514796
-0.506531
-0.508783
-0.521056
-0.536729
-0.556371
-0.583762
-0.617278
-0.652642
-0.690996
-0.733921
-0.772607
-0.801875
-0.827044
-0.842994
-0.842120
-0.832113
-0.815487
-0.784023
-0.738514
-0.684378
-0.621120
-0.547669
-0.468315
-0.389822
-0.314245
-0.245293
-0.190458
-0.145048
-0.103906
-0.077988
-0.070267
-0.073686
-0.092077
-0.125056
-0.165507
-0.217663
-0.282707
-0.352554
-0.424501
-0.496179
-0.564761
-0.630667
-0.687471
-0.729560
-0.759841
-0.774881
-0.770271
-0.752171
-0.720915
-0.671086
-0.610033
-0.545145
-0.470651
-0.387556
-0.307376
-0.231150
-0.153967
-0.082692
-0.029018
0.005915
0.029904
0.044437
0.042664
0.025699
-0.000952
-0.039784
-0.088696
-0.142304
-0.204955
-0.275825
-0.347573
-0.419233
-0.487594
-0.550486
-0.607963
-0.652459
-0.686372
-0.712063
-0.714248
-0.699832
-0.681245
-0.639061
-0.581281
-0.528004
-0.448919
-0.343493
-0.252711
-0.165450
-0.067887
0.022514
0.120233
0.227628
0.319456
0.409151
0.500510
0.568334
0.626499
0.687074
0.728697
0.753440
0.772212
0.778306
0.771719
0.753654
0.724702
0.689451
0.643589
0.590253
0.537233
0.474390
0.402715
0.338042
0.277491
0.216572
0.161986
0.114272
0.073714
0.041885
0.017944
0.005575
0.003795
0.008635
0.024318
0.050069
0.081046
0.119502
0.164687
0.214173
0.268890
0.325837
0.383260
0.440758
0.494211
0.543069
0.585283
0.617341
0.644376
0.662754
0.661751
0.650237
0.634263
0.600587
0.551194
0.499128
0.441096
0.375978
0.310314
0.237563
0.154269
0.073767
-0.001629
-0.083074
-0.168013
-0.249305
-0.328531
-0.396758
-0.444622
-0.487429
-0.536013
-0.577042
-0.606723
-0.634296
-0.654924
-0.660355
-0.655899
-0.645278
-0.623434
-0.591791
-0.555587
-0.508295
-0.446345
-0.379162
-0.304112
-0.216775
-0.135810
-0.065015
0.015680
0.101973
0.181951
0.263884
0.343296
0.410755
0.473021
0.523680
0.554788
0.578001
0.589433
0.577992
0.553971
0.516880
0.456610
0.385284
0.308819
0.215313
0.111395
0.012311
-0.087901
-0.196536
-0.300394
-0.388358
-0.467799
-0.538711
-0.589093
-0.624025
-0.649786
-0.653585
-0.636922
-0.611381
-0.567685
-0.505010
-0.436664
-0.356082
-0.261591
-0.170416
-0.080899
0.016144
0.111982
0.201198
0.285356
0.362395
0.433782
0.496578
0.541048
0.570190
0.593506
0.608175
0.608069
0.595211
0.573920
0.547532
0.518446
0.483443
0.440203
0.394454
0.344288
0.281436
0.213847
0.149468
0.081761
0.015122
-0.043245
-0.101212
-0.159248
-0.215642
-0.277986
-0.341606
-0.403935
-0.471660
-0.531694
-0.577723
-0.623406
-0.661624
-0.688118
-0.717054
-0.735574
-0.731434
-0.720898
-0.701144
-0.662706
-0.615585
-0.555557
-0.479773
-0.402829
-0.318091
-0.217028
-0.116481
-0.023089
0.067504
0.151688
0.231687
0.308279
0.373485
0.426548
0.468238
0.495184
0.506950
0.501386
0.477739
0.439831
0.389593
0.331970
0.268078
0.190934
0.109386
0.033999
-0.048103
-0.134366
-0.204362
-0.267757
-0.332329
-0.375531
-0.400587
-0.427892
-0.443638
-0.439518
-0.433780
-0.425911
-0.408433
-0.391642
-0.378467
-0.364765
-0.352999
-0.344129
-0.342174
-0.349871
-0.360837
-0.378036
-0.406826
-0.439539
-0.476222
-0.520090
-0.561514
-0.599595
-0.639555
-0.674378
-0.700409
-0.718481
-0.723430
-0.714812
-0.694639
-0.661432
-0.617189
-0.563065
-0.496875
-0.416632
-0.323248
-0.227617
-0.134690
-0.035076
0.061803
0.138616
0.209198
0.285045
0.350380
0.399079
0.435977
0.457539
0.463868
0.457288
0.435395
0.400715
0.354141
0.289068
0.207358
0.121274
0.036984
-0.049118
-0.140404
-0.235413
-0.329843
-0.418160
-0.499410
-0.578180
-0.651560
-0.709710
-0.753827
-0.792518
-0.822897
-0.837439
-0.841650
-0.840495
-0.824806
-0.796449
-0.769013
-0.734324
-0.682810
-0.627023
-0.567173
-0.498423
-0.435470
-0.376984
-0.312766
-0.254091
-0.196874
-0.129206
-0.067728
-0.015760
0.039023
0.084409
0.118501
0.156617
0.190071
0.212292
0.236050
0.259791
0.274484
0.283102
0.290898
0.299647
0.307181
0.311865
0.316908
0.322840
0.328290
0.334202
0.342048
0.354841
0.370392
0.384188
0.401581
0.424453
0.448659
0.477433
0.507571
0.533287
0.561563
0.589804
0.609796
0.628631
0.645024
0.648735
0.643098
0.631561
0.613190
0.587053
0.547055
0.496649
0.442932
0.379451
0.305104
0.221149
0.122710
0.019938
-0.082181
-0.192567
-0.297982
-0.390440
-0.483590
-0.564837
-0.624990
-0.688066
-0.748320
-0.781164
-0.798253
-0.807187
-0.793766
-0.762074
-0.721595
-0.668509
-0.603603
-0.531064
-0.451326
-0.367868
-0.286047
-0.209692
-0.141812
-0.084538
-0.039124
-0.004768
0.018899
0.029172
0.024867
0.007621
-0.021605
-0.062940
-0.116212
-0.178358
-0.246005
-0.320672
-0.401096
-0.478170
-0.547649
-0.613230
-0.672689
-0.717292
-0.745458
-0.760765
-0.759464
-0.739974
-0.711549
-0.672792
-0.613579
-0.544457
-0.477542
-0.402353
-0.319906
-0.248387
-0.186487
-0.126326
-0.075980
-0.039729
-0.015092
-0.004117
-0.006267
-0.020883
-0.049048
-0.086535
-0.133674
-0.192323
-0.253504
-0.317327
-0.392652
-0.469748
-0.539091
-0.606803
-0.667638
-0.713761
-0.752536
-0.781580
-0.792939
-0.795135
-0.789620
-0.763791
-0.719256
-0.667438
-0.610180
-0.545949
-0.480193
-0.418326
-0.351184
-0.267688
-0.180120
-0.102577
-0.025581
0.057588
0.139034
0.213500
0.276371
0.330852
0.391662
0.454147
0.502500
0.543520
0.581921
0.605999
0.618139
0.624507
0.617500
0.597964
0.570562
0.529047
0.475198
0.414969
0.341802
0.255288
0.165380
0.072892
-0.022335
-0.112826
-0.201001
-0.296737
-0.392566
-0.471919
-0.537196
-0.595774
-0.638380
-0.662313
-0.675220
-0.669273
-0.638993
-0.592454
-0.527038
-0.444777
-0.357616
-0.261065
-0.161931
-0.077754
0.010492
0.109668
0.186497
0.245665
0.308921
0.352388
0.364768
0.364368
0.348552
0.314364
0.270751
0.216464
0.154678
0.090417
0.021378
-0.046396
-0.110330
-0.172645
-0.225669
-0.270364
-0.308604
-0.330667
-0.342042
-0.344827
-0.325572
-0.294480
-0.255662
-0.189192
-0.112568
-0.049916
0.017983
0.092532
0.156476
0.220012
0.278747
0.316951
0.353133
0.391486
0.406426
0.403627
0.403456
0.398872
0.384671
0.373429
0.368947
0.361733
0.349498
0.342745
0.346672
0.356425
0.372962
0.397828
0.424958
0.456827
0.498842
0.542802
0.584829
0.629454
0.669466
0.697753
0.719238
0.733016
0.732173
0.716452
0.688345
0.648147
0.593135
0.522984
0.443879
0.355160
0.254630
0.156384
0.067244
-0.023356
-0.112404
-0.191031
-0.262976
-0.326609
-0.377963
-0.418842
-0.444476
-0.455338
-0.456396
-0.437220
-0.396327
-0.350009
-0.298047
-0.233988
-0.167946
-0.102433
-0.022903
0.074881
0.173639
0.258564
0.334209
0.403896
0.465430
0.529038
0.595034
0.647328
0.690224
0.732830
0.764536
0.785212
0.802158
0.808584
0.805429
0.800518
0.789320
0.768831
0.742251
0.708402
0.664573
0.610641
0.550924
0.489592
0.426146
0.361708
0.292804
0.211042
0.121801
0.034619
-0.048119
-0.119297
-0.181349
-0.247418
-0.310634
-0.359599
-0.399036
-0.427098
-0.439106
-0.442052
-0.436850
-0.417207
-0.384084
-0.342193
-0.292514
-0.232852
-0.167324
-0.102642
-0.031407
0.051715
0.135309
0.215152
0.293644
0.365425
0.431854
0.495347
0.549116
0.594293
0.632242
0.656311
0.671591
0.683211
0.682499
0.668836
0.647053
0.614414
0.572833
0.524834
0.467292
0.403873
0.337770
0.264722
0.185650
0.102594
0.015655
-0.069652
-0.156536
-0.253040
-0.345645
-0.421408
-0.491886
-0.561157
-0.618296
-0.661539
-0.691405
-0.710329
-0.726424
-0.729436
-0.706999
-0.674200
-0.637792
-0.585491
-0.522922
-0.458526
-0.386435
-0.311669
-0.243092
-0.178993
-0.122263
-0.076160
-0.037364
-0.008031
0.008040
0.012029
0.004024
-0.017069
-0.050988
-0.096191
-0.152105
-0.218185
-0.287315
-0.356585
-0.433994
-0.514447
-0.583298
-0.642481
-0.694330
-0.730489
-0.751509
-0.759888
-0.751203
-0.727557
-0.691825
-0.640675
-0.577618
-0.510194
-0.436354
-0.353436
-0.272354
-0.203952
-0.143904
-0.089937
-0.048621
-0.018874
-0.000241
0.001677
-0.009271
-0.029872
-0.063241
-0.106852
-0.163449
-0.234062
-0.305607
-0.379511
-0.463081
-0.542833
-0.616160
-0.688910
-0.746855
-0.788966
-0.826448
-0.848360
-0.852145
-0.848855
-0.828818
-0.786948
-0.737897
-0.685045
-0.624016
-0.556695
-0.480666
-0.389089
-0.286083
-0.191905
-0.116321
-0.043900
0.030322
0.098408
0.171011
0.250131
0.316192
0.369799
0.420201
0.459701
0.489940
0.519262
0.541742
0.556146
0.569837
0.579579
0.579401
0.573940
0.567232
0.553663
0.532903
0.513242
0.491149
0.459891
0.425662
0.386623
0.337825
0.291062
0.245635
0.188652
0.129198
0.073154
0.009788
-0.055848
-0.116625
-0.177958
-0.235740
-0.288932
-0.348019
-0.409580
-0.464216
-0.512459
-0.554835
-0.592222
-0.624927
-0.648685
-0.664944
-0.675626
-0.675557
-0.665326
-0.648589
-0.622708
-0.587041
-0.542728
-0.486852
-0.418833
-0.346564
-0.279721
-0.213163
-0.135405
-0.056541
0.011837
0.084596
0.170802
0.258431
0.338843
0.404597
0.452280
0.492431
0.526600
0.551348
0.576577
0.599480
0.608544
0.612056
0.612920
0.602785
0.590260
0.581271
0.567656
0.552848
0.542698
0.532754
0.523180
0.516336
0.510950
0.507425
0.505687
0.507389
0.513249
0.516469
0.517222
0.520654
0.517667
0.504187
0.493008
0.482670
0.459761
0.429867
0.403969
0.375618
0.339003
0.300223
0.258181
0.208498
0.162757
0.126620
0.086926
0.046430
0.018144
-0.005943
-0.027389
-0.037200
-0.051923
-0.078802
-0.095016
-0.104739
-0.124722
-0.139329
-0.147571
-0.171122
-0.201713
-0.226489
-0.256423
-0.295949
-0.345073
-0.403681
-0.457667
-0.505046
-0.554327
-0.593774
-0.621560
-0.652821
-0.676916
-0.681779
-0.680700
-0.673632
-0.649545
-0.613960
-0.569507
-0.512235
-0.447969
-0.381431
-0.312162
-0.243319
-0.179064
-0.122564
-0.074957
-0.036299
-0.009157
0.007377
0.014862
0.006960
-0.018319
-0.054815
-0.102652
-0.165264
-0.239101
-0.316803
-0.395602
-0.477147
-0.555058
-0.620839
-0.679060
-0.727338
-0.753545
-0.765014
-0.766948
-0.744500
-0.700873
-0.647637
-0.576296
-0.490903
-0.408057
-0.324909
-0.238775
-0.156519
-0.079946
-0.016341
0.028779
0.062078
0.082003
0.084531
0.073910
0.045089
-0.003283
-0.057337
-0.119760
-0.204220
-0.301160
-0.395927
-0.491454
-0.586742
-0.668285
-0.732017
-0.784745
-0.824247
-0.843143
-0.843350
-0.824698
-0.781105
-0.718331
-0.645022
-0.557331
-0.456341
-0.349342
-0.233247
-0.112886
-0.006142
0.090070
0.188765
0.278187
0.348767
0.412079
0.465281
0.495478
0.509301
0.511171
0.494935
0.468051
0.434887
0.384089
0.318147
0.250470
0.182140
0.111967
0.039968
-0.039028
-0.121020
-0.195377
-0.264671
-0.334642
-0.400797
-0.462363
-0.523214
-0.575924
-0.614668
-0.651643
-0.692590
-0.724991
-0.747277
-0.767774
-0.780270
-0.781111
-0.780520
-0.776413
-0.758825
-0.732542
-0.701256
-0.658495
-0.608118
-0.558363
-0.502696
-0.434764
-0.359555
-0.277239
-0.187416
-0.100805
-0.018434
0.069002
0.151617
0.216399
0.273268
0.327131
0.368228
0.399641
0.426207
0.438667
0.436199
0.425472
0.401092
0.360691
0.313410
0.260306
0.196621
0.124519
0.044794
-0.041990
-0.127078
-0.207564
-0.289850
-0.371986
-0.448487
-0.520367
-0.583844
-0.633421
-0.673243
-0.705159
-0.724122
-0.731171
-0.730250
-0.718378
-0.692813
-0.657264
-0.611568
-0.552041
-0.488571
-0.429344
-0.358959
-0.275318
-0.199287
-0.121521
-0.026516
0.059607
0.129667
0.211025
0.293307
0.354554
0.409798
0.463012
0.502172
0.536387
0.567419
0.582539
0.588512
0.595170
0.595824
0.586580
0.571345
0.553115
0.533170
0.511872
0.491638
0.474723
0.459660
0.447418
0.441122
0.439524
0.440976
0.447498
0.460056
0.475888
0.493620
0.515198
0.537977
0.556264
0.571555
0.584826
0.589970
0.586464
0.577950
0.560441
0.529546
0.486645
0.431187
0.360900
0.280927
0.200496
0.118039
0.026540
-0.068364
-0.159609
-0.250198
-0.335787
-0.407583
-0.467299
-0.514933
-0.547471
-0.566785
-0.569097
-0.551946
-0.522261
-0.477872
-0.411972
-0.328809
-0.234050
-0.132889
-0.028697
0.083685
0.199446
0.305834
0.407856
0.507281
0.586588
0.643660
0.692326
0.729121
0.742372
0.735500
0.715808
0.678326
0.618543
0.545852
0.466710
0.378371
0.288334
0.203556
0.112071
0.008701
-0.091874
-0.180154
-0.257325
-0.323849
-0.380285
-0.426822
-0.460710
-0.480989
-0.490590
-0.489898
-0.475450
-0.450466
-0.421332
-0.381305
-0.324262
-0.263744
-0.210318
-0.154115
-0.086340
-0.014077
0.052390
0.116255
0.189011
0.270096
0.352127
0.436413
0.519375
0.589905
0.650439
0.709456
0.764272
0.812616
0.859175
0.901143
0.926949
0.935801
0.938744
0.933547
0.910245
0.876841
0.837018
0.776020
0.699751
0.626786
0.549754
0.465410
0.388220
0.309366
0.219325
0.141095
0.082266
0.026390
-0.017685
-0.036484
-0.042929
-0.041135
-0.021860
0.010700
0.053333
0.108336
0.169564
0.236450
0.312123
0.389223
0.465967
0.542686
0.607355
0.657334
0.698167
0.721150
0.721626
0.708100
0.681267
0.637640
0.580208
0.511536
0.430478
0.337919
0.244706
0.161440
0.083591
0.010293
-0.048732
-0.094307
-0.125574
-0.133594
-0.125905
-0.110391
-0.078479
-0.030675
0.025919
0.091533
0.162934
0.238682
0.319420
0.397305
0.470151
0.538457
0.591706
0.628509
0.654907
0.660906
0.640015
0.606192
0.565851
0.505923
0.425251
0.344932
0.270744
0.189249
0.105596
0.030083
-0.041296
-0.099568
-0.137892
-0.170937
-0.194131
-0.192313
-0.175946
-0.151245
-0.112245
-0.063892
-0.008479
0.053112
0.114668
0.179419
0.246277
0.307715
0.367835
0.422750
0.462563
0.493238
0.513478
0.515855
0.507660
0.485655
0.438219
0.374275
0.305779
0.233137
0.154475
0.067181
-0.027348
-0.127951
-0.235315
-0.337937
-0.428045
-0.514778
-0.600493
-0.681010
-0.754421
-0.812735
-0.857424
-0.898681
-0.929476
-0.942321
-0.944484
-0.936001
-0.911252
-0.873892
-0.829568
-0.776595
-0.708807
-0.628879
-0.546770
-0.462862
-0.376961
-0.295596
-0.217114
-0.142382
-0.081258
-0.031484
0.011349
0.040161
0.053577
0.053522
0.037558
0.008907
-0.029987
-0.080504
-0.138174
-0.201579
-0.274112
-0.351298
-0.427578
-0.502862
-0.572649
-0.630061
-0.676131
-0.711299
-0.727048
-0.722375
-0.704114
-0.666157
-0.609808
-0.554889
-0.494732
-0.410975
-0.321954
-0.238178
-0.145493
-0.062055
-0.006808
0.041715
0.086416
0.106369
0.106759
0.095455
0.064952
0.019194
-0.035303
-0.101021
-0.175834
-0.256708
-0.342151
-0.426406
-0.507621
-0.584489
-0.648160
-0.695550
-0.728499
-0.740907
-0.732350
-0.708864
-0.662692
-0.593070
-0.521615
-0.450445
-0.362407
-0.269162
-0.190567
-0.117771
-0.043956
0.019153
0.064407
0.091114
0.100076
0.094002
0.071414
0.032867
-0.015435
-0.072925
-0.140517
-0.212678
-0.286736
-0.364109
-0.440503
-0.509453
-0.570773
-0.622721
-0.656536
-0.670432
-0.669831
-0.654594
-0.627760
-0.594374
-0.547287
-0.485757
-0.422456
-0.359304
-0.293715
-0.231562
-0.177888
-0.136059
-0.103220
-0.073368
-0.052025
-0.039281
-0.030297
-0.035449
-0.048338
-0.049747
-0.054103
-0.070278
-0.078357
-0.078691
-0.073446
-0.048498
-0.013802
0.020080
0.066120
0.124723
0.188987
0.258525
0.327169
0.393198
0.454746
0.506586
0.555887
0.597493
0.615081
0.617397
0.609048
0.577736
0.529111
0.468174
0.391753
0.310217
0.222477
0.120175
0.016614
-0.081028
-0.179161
-0.274583
-0.364104
-0.446519
-0.516629
-0.571373
-0.608043
-0.630669
-0.642829
-0.635047
-0.612253
-0.584769
-0.538339
-0.476298
-0.420137
-0.360505
-0.294125
-0.239446
-0.189794
-0.138814
-0.097969
-0.059092
-0.017485
0.009161
0.020208
0.030251
0.040584
0.044184
0.043038
0.048461
0.058497
0.063752
0.074500
0.093411
0.106702
0.126540
0.164782
0.202390
0.237951
0.286336
0.337825
0.381200
0.420683
0.460170
0.500736
0.535290
0.557628
0.576255
0.592949
0.600698
0.602408
0.597857
0.585128
0.574478
0.567710
0.557049
0.546870
0.541580
0.536044
0.530318
0.530003
0.536933
0.547944
0.561063
0.579024
0.598685
0.613485
0.627869
0.642465
0.648105
0.647928
0.644213
0.625197
0.592573
0.552858
0.498188
0.433563
0.366050
0.281486
0.185006
0.093238
-0.008717
-0.119296
-0.208963
-0.286979
-0.370742
-0.441287
-0.495682
-0.544539
-0.574358
-0.583284
-0.581308
-0.559314
-0.516816
-0.462266
-0.388571
-0.296179
-0.193528
-0.079871
0.038235
0.153471
0.268387
0.377586
0.475547
0.561120
0.625124
0.669429
0.702785
0.716055
0.705981
0.679088
0.629741
0.562090
0.485188
0.390926
0.288446
0.192779
0.083844
-0.042921
-0.159872
-0.267817
-0.375885
-0.468848
-0.546768
-0.616364
-0.665265
-0.694605
-0.713544
-0.714292
-0.697283
-0.670841
-0.632261
-0.584534
-0.533046
-0.472369
-0.403607
-0.334761
-0.269885
-0.214342
-0.170800
-0.138444
-0.115331
-0.091599
-0.068504
-0.064035
-0.073500
-0.078568
-0.087652
-0.109636
-0.131368
-0.149021
-0.167910
-0.180292
-0.180928
-0.176245
-0.163046
-0.130001
-0.082174
-0.032150
0.025258
0.095012
0.162548
0.224054
0.295419
0.375978
0.450356
0.517148
0.575723
0.612788
0.627106
0.630624
0.620192
0.587331
0.538174
0.474781
0.394609
0.307655
0.214747
0.106653
-0.006663
-0.119105
-0.241126
-0.362201
-0.466447
-0.562575
-0.651339
-0.718970
-0.766156
-0.797265
-0.807229
-0.795356
-0.766902
-0.721396
-0.655460
-0.576808
-0.492444
-0.394408
-0.289304
-0.195957
-0.105471
-0.013609
0.057340
0.110239
0.156329
0.179919
0.182365
0.176426
0.152500
0.110988
0.059644
-0.006294
-0.078709
-0.152973
-0.240300
-0.332136
-0.418379
-0.504980
-0.582975
-0.643979
-0.694251
-0.728099
-0.739924
-0.733626
-0.704424
-0.651844
-0.584220
-0.503254
-0.410608
-0.306871
-0.187015
-0.054208
0.078334
0.197446
0.302802
0.405410
0.499173
0.569923
0.625686
0.668623
0.685725
0.683312
0.665054
0.615642
0.542689
0.465768
0.377185
0.268362
0.152069
0.035579
-0.086406
-0.209586
-0.320487
-0.413704
-0.488400
-0.543280
-0.583439
-0.608903
-0.611250
-0.592913
-0.557164
-0.498954
-0.426084
-0.348853
-0.264347
-0.175369
-0.088161
-0.004287
0.069420
0.131953
0.187196
0.229117
0.257168
0.273065
0.267314
0.241590
0.204149
0.148390
0.070060
-0.024090
-0.120814
-0.208282
-0.298012
-0.397443
-0.481451
-0.542015
-0.593808
-0.629882
-0.645222
-0.646612
-0.625800
-0.582476
-0.526682
-0.455471
-0.373575
-0.290485
-0.203694
-0.119376
-0.044110
0.026234
0.085916
0.131740
0.168653
0.191332
0.199324
0.193014
0.162516
0.118887
0.072674
0.000376
-0.099414
-0.194066
-0.278787
-0.366043
-0.447904
-0.515213
-0.570879
-0.615663
-0.642599
-0.647169
-0.634616
-0.607772
-0.563739
-0.506405
-0.440149
-0.365190
-0.287273
-0.212489
-0.142839
-0.079777
-0.022733
0.024979
0.058364
0.079897
0.088697
0.080278
0.058470
0.026884
-0.014266
-0.064839
-0.128176
-0.201507
-0.278259
-0.357812
-0.431650
-0.491492
-0.543592
-0.587353
-0.620067
-0.647971
-0.662346
-0.656498
-0.646053
-0.633756
-0.613049
-0.592753
-0.573922
-0.551375
-0.532544
-0.520075
-0.510845
-0.508296
-0.515227
-0.531785
-0.553846
-0.576987
-0.606227
-0.639762
-0.668285
-0.696044
-0.723269
-0.738749
-0.744279
-0.741654
-0.722586
-0.691335
-0.652734
-0.596016
-0.519156
-0.433893
-0.343799
-0.245855
-0.143901
-0.044103
0.051645
0.140661
0.221710
0.297178
0.360877
0.405311
0.436602
0.456198
0.455434
0.434951
0.398358
0.347152
0.288054
0.220518
0.139185
0.049516
-0.043103
-0.138323
-0.231494
-0.314595
-0.381847
-0.440558
-0.499750
-0.545322
-0.568391
-0.584530
-0.594102
-0.588464
-0.578091
-0.564290
-0.539669
-0.514233
-0.493055
-0.470323
-0.449643
-0.434924
-0.426508
-0.426256
-0.431763
-0.443051
-0.461560
-0.482872
-0.509282
-0.542988
-0.574602
-0.604218
-0.636694
-0.662150
-0.678407
-0.692679
-0.696906
-0.688327
-0.677289
-0.655200
-0.612350
-0.562340
-0.507077
-0.437160
-0.364942
-0.297530
-0.222437
-0.140444
-0.055442
0.038515
0.133071
0.216772
0.290752
0.353653
0.408473
0.462079
0.509726
0.551092
0.588862
0.614565
0.629121
0.637332
0.633522
0.624362
0.614687
0.592050
0.563189
0.538445
0.501223
0.452650
0.411904
0.366480
0.304164
0.244615
0.192325
0.132805
0.073935
0.022699
-0.037552
-0.106232
-0.166202
-0.221770
-0.278417
-0.331282
-0.389000
-0.451412
-0.502394
-0.544674
-0.584257
-0.614093
-0.636019
-0.653528
-0.665977
-0.674091
-0.670804
-0.658574
-0.645195
-0.617540
-0.577108
-0.539685
-0.493292
-0.438617
-0.392902
-0.339569
-0.269462
-0.196416
-0.116994
-0.038140
0.029472
0.100225
0.167760
0.220088
0.276483
0.338155
0.392273
0.443447
0.487057
0.522581
0.558681
0.584127
0.598817
0.614663
0.621665
0.620081
0.619854
0.610215
0.590234
0.570425
0.547370
0.518591
0.485164
0.447643
0.406852
0.356016
0.299264
0.246680
0.188230
0.123840
0.064593
-0.000460
-0.073920
-0.144422
-0.215938
-0.286239
-0.351523
-0.422414
-0.490279
-0.541160
-0.587238
-0.635163
-0.674500
-0.700483
-0.716527
-0.723717
-0.714621
-0.690779
-0.662065
-0.618926
-0.560341
-0.503675
-0.435176
-0.344914
-0.260650
-0.181861
-0.091057
-0.004541
0.071722
0.149229
0.221638
0.285027
0.340037
0.379620
0.406561
0.425712
0.432524
0.425296
0.406119
0.376089
0.331686
0.272090
0.207960
0.141318
0.069408
0.002840
-0.064774
-0.148817
-0.234464
-0.311884
-0.389679
-0.458959
-0.514786
-0.569073
-0.622128
-0.668869
-0.707506
-0.736898
-0.761008
-0.778394
-0.787338
-0.792315
-0.788122
-0.775780
-0.764041
-0.741439
-0.704556
-0.667268
-0.624400
-0.574961
-0.528148
-0.468527
-0.390475
-0.313166
-0.236554
-0.154116
-0.071754
0.010895
0.091403
0.163735
0.233474
0.301771
0.359608
0.403068
0.434026
0.454044
0.459147
0.446222
0.421811
0.387227
0.336782
0.275377
0.207136
0.124799
0.028773
-0.069899
-0.166889
-0.264390
-0.359907
-0.449936
-0.534187
-0.607395
-0.666236
-0.715552
-0.750982
-0.767094
-0.771548
-0.762069
-0.734641
-0.703167
-0.667299
-0.615745
-0.559146
-0.506038
-0.452497
-0.402525
-0.358881
-0.322631
-0.295341
-0.270271
-0.252254
-0.251746
-0.258569
-0.267976
-0.286063
-0.304372
-0.320215
-0.341102
-0.361219
-0.373769
-0.377510
-0.367270
-0.340069
-0.298107
-0.249770
-0.198325
-0.132313
-0.054811
0.020682
0.102522
0.188800
0.261915
0.333799
0.413474
0.477127
0.515518
0.537677
0.542100
0.527761
0.497933
0.452960
0.393791
0.321886
0.240950
0.152386
0.050125
-0.065993
-0.185740
-0.298769
-0.401863
-0.498761
-0.585571
-0.655794
-0.717661
-0.768761
-0.793712
-0.801906
-0.802419
-0.781644
-0.745343
-0.707648
-0.657843
-0.593825
-0.530843
-0.472274
-0.418687
-0.376393
-0.342361
-0.307959
-0.275393
-0.255473
-0.249296
-0.249984
-0.259495
-0.278782
-0.301605
-0.329290
-0.360191
-0.382385
-0.393257
-0.397252
-0.396089
-0.389655
-0.369376
-0.329696
-0.277106
-0.211312
-0.132499
-0.050616
0.036326
0.129872
0.217445
0.301541
0.387553
0.458254
0.508702
0.550832
0.576637
0.576244
0.558369
0.525108
0.473797
0.410443
0.332275
0.234203
0.125445
0.007359
-0.125323
-0.258013
-0.379922
-0.499749
-0.611406
-0.701434
-0.776633
-0.837078
-0.869786
-0.880221
-0.875665
-0.845561
-0.791282
-0.727305
-0.651878
-0.559760
-0.459903
-0.358027
-0.255697
-0.163128
-0.084910
-0.017369
0.033712
0.063512
0.076955
0.073338
0.052161
0.017794
-0.034430
-0.104132
-0.180782
-0.268265
-0.368392
-0.464301
-0.555432
-0.653301
-0.742746
-0.804926
-0.848114
-0.879841
-0.890799
-0.880389
-0.856955
-0.813720
-0.743570
-0.660640
-0.575990
-0.486825
-0.397160
-0.309574
-0.220099
-0.138223
-0.074856
-0.028246
-0.000397
0.006707
-0.000969
-0.023267
-0.063404
-0.119944
-0.190131
-0.269236
-0.356574
-0.453452
-0.548390
-0.632573
-0.713615
-0.789605
-0.845686
-0.880834
-0.901741
-0.903490
-0.881676
-0.843233
-0.790294
-0.718345
-0.634497
-0.547397
-0.452511
-0.352143
-0.258202
-0.173029
-0.099564
-0.046180
-0.011358
0.008044
0.009931
-0.003955
-0.033476
-0.080179
-0.140970
-0.215396
-0.299724
-0.383355
-0.469215
-0.565139
-0.658050
-0.733160
-0.794252
-0.842418
-0.868711
-0.873457
-0.862670
-0.833790
-0.784741
-0.719785
-0.640799
-0.550056
-0.453097
-0.353536
-0.257631
-0.172476
-0.097641
-0.034257
0.013123
0.045664
0.062091
0.058664
0.039670
0.006609
-0.043683
-0.105430
-0.174971
-0.258336
-0.352253
-0.444852
-0.534469
-0.622079
-0.697648
-0.755814
-0.803440
-0.836339
-0.842631
-0.829110
-0.803614
-0.756613
-0.688652
-0.610346
-0.516830
-0.405778
-0.289513
-0.170425
-0.047437
0.064798
0.158877
0.246283
0.329594
0.399454
0.454810
0.496067
0.518634
0.524076
0.514324
0.488160
0.448404
0.392601
0.321279
0.248891
0.172497
0.079864
-0.011275
-0.090235
-0.174290
-0.260675
-0.338101
-0.414332
-0.485694
-0.543289
-0.593908
-0.637914
-0.672181
-0.700093
-0.719016
-0.729847
-0.734793
-0.727871
-0.716203
-0.706064
-0.683724
-0.652893
-0.627702
-0.595704
-0.552881
-0.515769
-0.479173
-0.431785
-0.381425
-0.328354
-0.267518
-0.208030
-0.150252
-0.082837
-0.012983
0.046548
0.103988
0.167778
0.232124
0.295359
0.358500
0.415512
0.465360
0.512492
0.553201
0.580467
0.597020
0.610540
0.618621
0.614892
0.604472
0.589576
0.563478
0.532039
0.498987
0.453159
0.402546
0.359213
0.306423
0.244402
0.194334
0.140823
0.069281
0.006639
-0.044717
-0.111035
-0.178945
-0.227305
-0.275191
-0.333425
-0.387133
-0.437344
-0.491430
-0.542230
-0.588274
-0.632582
-0.669464
-0.698366
-0.724447
-0.745952
-0.758890
-0.762814
-0.759566
-0.747154
-0.720603
-0.686405
-0.649268
-0.597225
-0.532025
-0.463862
-0.382179
-0.291971
-0.211698
-0.123292
-0.018166
0.072765
0.148038
0.228096
0.301193
0.355267
0.398203
0.430734
0.449335
0.454599
0.446103
0.423528
0.386321
0.335488
0.274179
0.205330
0.131320
0.048090
-0.045408
-0.138358
-0.230135
-0.323138
-0.404332
-0.477028
-0.552812
-0.614111
-0.652973
-0.686439
-0.711153
-0.717536
-0.714767
-0.705949
-0.685651
-0.654955
-0.619877
-0.583515
-0.540356
-0.492439
-0.450814
-0.410707
-0.370673
-0.343979
-0.323207
-0.298541
-0.282554
-0.274717
-0.266617
-0.265834
-0.272325
-0.278506
-0.283532
-0.286747
-0.292139
-0.297518
-0.291045
-0.279334
-0.268440
-0.244127
-0.207938
-0.168077
-0.116174
-0.058197
-0.003167
0.064515
0.149301
0.237141
0.325967
0.415402
0.498978
0.577296
0.649917
0.713270
0.772859
0.832012
0.878695
0.903657
0.914014
0.914496
0.899782
0.870387
0.828520
0.770764
0.701545
0.626800
0.541332
0.446564
0.354461
0.266730
0.177384
0.089352
0.011024
-0.056513
-0.115458
-0.159824
-0.185851
-0.200612
-0.204153
-0.190200
-0.163563
-0.128440
-0.081679
-0.027173
0.030401
0.092261
0.155590
0.218146
0.280916
0.338584
0.386971
0.428301
0.459605
0.475655
0.477445
0.465717
0.439902
0.400379
0.343898
0.274077
0.207024
0.142818
0.063674
-0.022396
-0.089083
-0.141579
-0.198882
-0.251828
-0.287364
-0.310828
-0.320953
-0.310644
-0.287663
-0.258800
-0.219266
-0.170688
-0.118338
-0.061053
-0.001484
0.056432
0.113730
0.166923
0.213426
0.255608
0.290496
0.317866
0.336955
0.335956
0.318048
0.292850
0.246046
0.179865
0.115882
0.041536
-0.050474
-0.136621
-0.223227
-0.323029
-0.416808
-0.503845
-0.593753
-0.674337
-0.746567
-0.815253
-0.869344
-0.911058
-0.941525
-0.952631
-0.953354
-0.944577
-0.917032
-0.880830
-0.834695
-0.768349
-0.697699
-0.627944
-0.547091
-0.463634
-0.380441
-0.288409
-0.199086
-0.121389
-0.049874
0.009425
0.052156
0.086246
0.113592
0.131471
0.138931
0.134842
0.120011
0.094323
0.058270
0.017233
-0.026181
-0.073074
-0.121659
-0.169559
-0.215498
-0.257769
-0.294489
-0.323985
-0.346933
-0.363984
-0.371537
-0.366753
-0.350489
-0.322976
-0.284652
-0.240109
-0.195391
-0.149642
-0.097039
-0.040151
0.012457
0.056927
0.091371
0.119239
0.148323
0.174097
0.192378
0.213066
0.232794
0.240750
0.248487
0.260316
0.261089
0.259688
0.274915
0.295583
0.311467
0.335874
0.373211
0.413142
0.453767
0.499048
0.544244
0.581099
0.611358
0.640315
0.663767
0.678690
0.687673
0.683908
0.662834
0.633892
0.596808
0.544348
0.484211
0.420911
0.349723
0.276581
0.207369
0.142061
0.086644
0.041525
0.003113
-0.023402
-0.038264
-0.042170
-0.026705
0.002424
0.036063
0.083704
0.147152
0.218487
0.299844
0.386071
0.466924
0.545161
0.620185
0.684843
0.736392
0.770863
0.787753
0.788477
0.767770
0.727871
0.673792
0.600202
0.510783
0.413377
0.302831
0.183535
0.068457
-0.043997
-0.155184
-0.260163
-0.359567
-0.448873
-0.521005
-0.579016
-0.622764
-0.646389
-0.650650
-0.637066
-0.605048
-0.557067
-0.492328
-0.409154
-0.316756
-0.224060
-0.124606
-0.012663
0.101611
0.207543
0.303551
0.389505
0.468024
0.541111
0.600226
0.639057
0.664555
0.679416
0.675198
0.651146
0.615077
0.564091
0.492849
0.411667
0.326642
0.231747
0.133271
0.033656
-0.081415
-0.201938
-0.304879
-0.397082
-0.483794
-0.553594
-0.609285
-0.651345
-0.672026
-0.678850
-0.671822
-0.640643
-0.594222
-0.538875
-0.466821
-0.382166
-0.291764
-0.195344
-0.097020
0.001567
0.101623
0.199945
0.294500
0.380859
0.453520
0.513940
0.561188
0.592754
0.610074
0.609607
0.592894
0.569482
0.534141
0.479817
0.417043
0.350537
0.277337
0.207017
0.144249
0.078614
0.011277
-0.044889
-0.091530
-0.135733
-0.169237
-0.188328
-0.206045
-0.222882
-0.227109
-0.225124
-0.226665
-0.223455
-0.213965
-0.210880
-0.213666
-0.212630
-0.213533
-0.225934
-0.244511
-0.266539
-0.299839
-0.340799
-0.381171
-0.427482
-0.480454
-0.528280
-0.573162
-0.621988
-0.665591
-0.699096
-0.730521
-0.758127
-0.772548
-0.775729
-0.772379
-0.757908
-0.731201
-0.697787
-0.655899
-0.602497
-0.541787
-0.474647
-0.400141
-0.321151
-0.237863
-0.154805
-0.079893
-0.005671
0.075971
0.153892
0.222301
0.292720
0.365874
0.426455
0.472501
0.516926
0.556694
0.581201
0.600685
0.620651
0.628191
0.627077
0.625124
0.611601
0.590182
0.572045
0.546155
0.508526
0.468551
0.423146
0.371822
0.321896
0.271765
0.218492
0.161857
0.102807
0.044953
-0.014766
-0.076254
-0.130212
-0.181836
-0.240176
-0.297488
-0.350095
-0.400363
-0.445910
-0.490905
-0.535980
-0.572901
-0.604166
-0.633316
-0.655219
-0.670101
-0.679318
-0.681005
-0.674434
-0.658210
-0.636242
-0.607547
-0.561367
-0.508072
-0.460374
-0.399984
-0.325702
-0.256260
-0.176369
-0.078419
0.012565
0.100855
0.195997
0.271403
0.327404
0.393750
0.462595
0.512819
0.549828
0.578311
0.593829
0.596881
0.586902
0.562966
0.529221
0.488493
0.440655
0.386438
0.328417
0.270209
0.214016
0.161068
0.112661
0.068760
0.031074
0.003315
-0.014804
-0.024827
-0.025360
-0.017062
-0.001198
0.025127
0.062838
0.108536
0.160995
0.220876
0.287215
0.357461
0.427655
0.496799
0.567383
0.634581
0.690347
0.738843
0.783883
0.817106
0.838638
0.854678
0.855425
0.836344
0.811008
0.779470
0.731796
0.672378
0.604796
0.528836
0.450634
0.363342
0.256780
0.148235
0.053688
-0.042332
-0.151662
-0.255634
-0.336227
-0.404691
-0.474266
-0.532319
-0.569975
-0.596304
-0.609085
-0.604952
-0.592861
-0.566361
-0.517748
-0.460949
-0.399479
-0.327668
-0.255714
-0.187837
-0.119696
-0.056730
-0.000882
0.047712
0.083199
0.108960
0.126469
0.126795
0.112219
0.087844
0.046738
-0.010578
-0.074146
-0.144740
-0.228717
-0.318153
-0.399624
-0.478109
-0.558944
-0.626100
-0.673735
-0.709561
-0.724016
-0.715911
-0.700031
-0.668000
-0.612291
-0.547828
-0.475236
-0.391338
-0.307571
-0.225140
-0.146186
-0.080613
-0.023653
0.024637
0.056397
0.078593
0.088410
0.076776
0.054017
0.015326
-0.049942
-0.117545
-0.183201
-0.276952
-0.384650
-0.470976
-0.546468
-0.623189
-0.683609
-0.725725
-0.761221
-0.781903
-0.776461
-0.750648
-0.710311
-0.651678
-0.575192
-0.489398
-0.400128
-0.310040
-0.225131
-0.151133
-0.089191
-0.038657
0.000983
0.029134
0.044997
0.050200
0.043376
0.018023
-0.026178
-0.084461
-0.159004
-0.251289
-0.352977
-0.453705
-0.541469
-0.600835
-0.621741
-0.598747
-0.530052
-0.427658
-0.311486
-0.195519
-0.090551
-0.005856
0.054214
0.087392
0.094938
0.083666
0.060982
0.034193
0.010593
-0.006344
-0.015787
-0.017950
-0.015243
-0.010385
-0.005534
-0.002730
-0.002317
-0.003492
-0.005648
-0.007863
-0.009139
-0.008776
-0.006744
-0.004111
-0.001965
-0.000641
-0.000009
-0.000041
-0.000792
-0.001134
-0.000494
-0.000689
-0.001801
-0.001866
-0.001216
-0.000328
0.001166
0.001794
0.001160
0.000628
0.000309
0.000630
0.001739
0.002222
0.002282
0.002580
0.002424
0.002333
0.002750
0.002869
0.002732
0.002535
0.002395
0.002534
0.002139
0.001318
0.001094
0.001051
0.001028
0.001101
0.000607
0.000136
-0.000089
-0.000809
-0.001056
-0.000676
-0.000939
-0.001338
-0.001644
-0.002254
-0.002217
-0.001755
-0.001823
-0.001930
-0.002080
-0.002538
-0.002872
-0.002997
-0.002714
-0.002207
-0.002071
-0.001985
-0.002096
-0.002468
-0.002085
-0.001573
-0.001588
-0.001077
-0.000686
-0.001007
-0.000709
-0.000167
-0.000057
0.000354
0.000644
0.000628
0.000940
0.001117
0.001207
0.001639
0.001906
0.002015
0.002102
0.002088
0.002289
0.002370
0.002204
0.002308
0.002365
0.002370
0.002456
0.002057
0.001839
0.002179
0.002040
0.001695
0.001512
0.001128
0.001096
0.001007
0.000366
0.000280
0.000311
-0.000250
-0.000448
-0.000722
-0.001388
-0.001425
-0.001421
-0.001767
-0.001790
-0.001935
-0.002181
-0.002228
-0.002509
-0.002550
-0.002388
-0.002552
-0.002305
-0.002160
-0.002745
-0.002619
-0.002059
-0.002147
-0.001866
-0.001321
-0.001415
-0.001444
-0.001165
-0.000947
-0.000699
-0.000417
-0.000056
0.000087
-0.000027
0.000323
0.000745
0.000863
0.001404
0.001836
0.001727
0.001885
0.001987
0.001975
0.002540
0.002821
0.002419
0.002269
0.002330
0.002249
0.002164
0.002256
0.002545
0.002417
0.001931
0.001817
0.001573
0.001128
0.001151
0.001038
0.000688
0.000649
0.000372
-0.000110
-0.000392
-0.000745
-0.000853
-0.000815
-0.001150
-0.001422
-0.001683
-0.001958
-0.001785
-0.001947
-0.002475
-0.002480
-0.002656
-0.002949
-0.002654
-0.002676
-0.002744
-0.002179
-0.002145
-0.002463
-0.002210
-0.001949
-0.001679
-0.001268
-0.001110
-0.000961
-0.001017
-0.001196
-0.000610
0.000178
0.000479
0.000726
0.000868
0.000979
0.001230
0.001429
0.001889
0.002124
0.001701
0.001879
0.002465
0.002368
0.002374
0.002618
0.002600
0.002716
0.002558
0.002183
0.002397
0.002502
0.002284
0.002315
0.002075
0.001647
0.001371
0.000929
0.000785
0.000850
0.000450
0.000114
-0.000078
-0.000473
-0.000785
-0.001185
-0.001437
-0.001240
-0.001383
-0.001707
-0.001874
-0.002323
-0.002304
-0.001924
-0.002273
-0.002426
-0.002252
-0.002708
-0.002786
-0.002330
-0.002242
-0.002007
-0.001846
-0.002095
-0.001985
-0.001823
-0.001644
-0.000934
-0.000595
-0.000709
-0.000557
-0.000529
-0.000426
0.000071
0.000501
0.000977
0.001251
0.001103
0.001307
0.001664
0.001729
0.001909
0.002054
0.002203
0.002530
0.002553
0.002474
0.002403
0.002169
0.002359
0.002516
0.002198
0.002276
0.002187
0.001628
0.001697
0.001651
0.001185
0.001311
0.001114
0.000452
0.000301
-0.000121
-0.000550
-0.000262
-0.000428
-0.000954
-0.001186
-0.001599
-0.001731
-0.001657
-0.002075
-0.002359
-0.002575
-0.002913
-0.002678
-0.002462
-0.002558
-0.002423
-0.002495
-0.002478
-0.002172
-0.002323
-0.002142
-0.001592
-0.001674
-0.001386
-0.000920
-0.001291
-0.001061
-0.000320
-0.000169
0.000330
0.000617
0.000167
0.000490
0.000902
